160000.0 1.0 1.0 2.0 4.0 3.0 2.0 2.0 3.0 2.0 99340.0 96860.0 99911.0 103928.0 101540.0 99587.0 0.0 5500.0 6700.0 0.0 27.0 2800.0 1.0 
190000.0 1.0 1.0 1.0 2.0 2.0 2.0 2.0 2.0 2.0 36137.0 37143.0 38051.0 38827.0 39488.0 40208.0 1900.0 1800.0 1700.0 1600.0 1500.0 1600.0 1.0 
130000.0 1.0 1.0 2.0 2.0 2.0 0.0 0.0 0.0 0.0 134836.0 128038.0 126862.0 97925.0 100484.0 54125.0 0.0 5000.0 3500.0 4055.0 10000.0 50000.0 1.0 
110000.0 2.0 1.0 1.0 1.0 2.0 0.0 0.0 0.0 0.0 42867.0 41901.0 44126.0 43483.0 43435.0 41010.0 0.0 3000.0 2000.0 2000.0 2000.0 3600.0 1.0 
200000.0 1.0 1.0 1.0 1.0 0.0 0.0 0.0 0.0 0.0 0.0 479.0 0.0 0.0 0.0 0.0 479.0 0.0 0.0 0.0 0.0 0.0 1.0 
500000.0 1.0 1.0 1.0 2.0 2.0 2.0 0.0 0.0 2.0 267116.0 271396.0 265433.0 270868.0 285667.0 290318.0 10100.0 0.0 9932.0 19502.0 9600.0 10031.0 1.0 
280000.0 2.0 1.0 1.0 1.0 0.0 0.0 0.0 0.0 0.0 0.0 4051.0 1196.0 19875.0 599.0 850.0 4051.0 1245.0 19875.0 599.0 850.0 185.0 1.0 
140000.0 2.0 1.0 2.0 2.0 0.0 0.0 2.0 2.0 2.0 103181.0 107446.0 125702.0 124182.0 124155.0 137176.0 6000.0 20000.0 2000.0 3500.0 15000.0 6000.0 1.0 
160000.0 2.0 1.0 1.0 1.0 0.0 0.0 0.0 0.0 0.0 0.0 0.0 0.0 0.0 0.0 0.0 0.0 0.0 0.0 0.0 0.0 1404.0 1.0 
120000.0 2.0 1.0 1.0 1.0 2.0 0.0 0.0 0.0 0.0 126412.0 120812.0 121895.0 121208.0 121678.0 122067.0 0.0 4600.0 4512.0 4600.0 4600.0 5200.0 1.0 
50000.0 2.0 1.0 2.0 2.0 2.0 2.0 2.0 2.0 0.0 47068.0 46010.0 49333.0 49708.0 45112.0 42063.0 0.0 4070.0 1551.0 0.0 1528.0 3273.0 1.0 
30000.0 1.0 1.0 1.0 1.0 2.0 0.0 0.0 0.0 0.0 14110.0 13591.0 14309.0 15320.0 15774.0 15950.0 0.0 1244.0 1255.0 709.0 578.0 741.0 1.0 
280000.0 2.0 1.0 1.0 2.0 2.0 2.0 2.0 0.0 0.0 106341.0 108711.0 111510.0 108253.0 109065.0 111447.0 5600.0 6000.0 0.0 4100.0 4300.0 4300.0 1.0 
60000.0 1.0 1.0 1.0 2.0 2.0 2.0 0.0 0.0 0.0 59310.0 60482.0 58748.0 49375.0 38433.0 38378.0 2700.0 0.0 2100.0 1600.0 1600.0 1600.0 1.0 
20000.0 1.0 1.0 2.0 3.0 2.0 2.0 7.0 7.0 6.0 2400.0 2400.0 2400.0 2400.0 2400.0 1800.0 0.0 0.0 0.0 0.0 0.0 0.0 1.0 
20000.0 1.0 1.0 2.0 3.0 2.0 2.0 3.0 2.0 2.0 17710.0 17137.0 19830.0 19240.0 18419.0 20126.0 0.0 3000.0 0.0 0.0 2000.0 0.0 1.0 
20000.0 1.0 1.0 1.0 3.0 2.0 2.0 2.0 0.0 0.0 13139.0 12636.0 15212.0 14675.0 14835.0 15047.0 0.0 3100.0 0.0 700.0 600.0 2000.0 1.0 
230000.0 2.0 1.0 1.0 1.0 0.0 0.0 0.0 0.0 0.0 0.0 0.0 0.0 1990.0 0.0 0.0 0.0 0.0 1990.0 0.0 0.0 0.0 1.0 
200000.0 2.0 1.0 1.0 1.0 2.0 2.0 0.0 0.0 2.0 30783.0 33017.0 30413.0 32582.0 34727.0 36036.0 3058.0 0.0 3000.0 3000.0 2002.0 0.0 1.0 
210000.0 1.0 1.0 1.0 2.0 2.0 2.0 2.0 2.0 0.0 151258.0 141669.0 134301.0 124218.0 110114.0 101559.0 5000.0 7000.0 4200.0 0.0 4000.0 6500.0 1.0 
100000.0 2.0 1.0 1.0 2.0 2.0 2.0 2.0 2.0 2.0 44078.0 45077.0 47837.0 48678.0 48420.0 48888.0 2000.0 3841.0 1900.0 1900.0 1800.0 2000.0 1.0 
180000.0 2.0 1.0 2.0 2.0 2.0 0.0 0.0 2.0 2.0 153198.0 151128.0 152785.0 168657.0 165872.0 173667.0 1813.0 5667.0 18483.0 0.0 11000.0 1842.0 1.0 
30000.0 2.0 0.0 2.0 2.0 2.0 0.0 2.0 0.0 0.0 19830.0 15915.0 1736.0 1170.0 780.0 780.0 0.0 1736.0 0.0 0.0 0.0 0.0 1.0 
50000.0 2.0 0.0 2.0 2.0 2.0 0.0 0.0 2.0 0.0 20039.0 19369.0 16586.0 18696.0 18100.0 18475.0 0.0 1280.0 2390.0 0.0 816.0 688.0 1.0 
280000.0 1.0 1.0 1.0 1.0 0.0 0.0 0.0 0.0 0.0 0.0 0.0 0.0 0.0 0.0 0.0 0.0 0.0 0.0 0.0 0.0 0.0 1.0 
80000.0 1.0 1.0 1.0 2.0 0.0 0.0 0.0 0.0 3.0 13708.0 22668.0 31456.0 40111.0 48633.0 56740.0 9200.0 9200.0 9200.0 9200.0 9200.0 0.0 1.0 
170000.0 2.0 1.0 1.0 1.0 2.0 2.0 0.0 0.0 0.0 110970.0 117076.0 113778.0 117989.0 118803.0 121434.0 9460.0 0.0 6100.0 4210.0 4500.0 4500.0 1.0 
160000.0 1.0 0.0 1.0 2.0 0.0 0.0 0.0 0.0 0.0 139983.0 125833.0 127815.0 130023.0 98604.0 101650.0 6000.0 5500.0 5000.0 3000.0 4000.0 3000.0 1.0 
190000.0 2.0 1.0 2.0 2.0 0.0 0.0 0.0 0.0 0.0 204297.0 106428.0 109736.0 111487.0 114878.0 118541.0 6355.0 6500.0 5000.0 5117.0 5644.0 4767.0 1.0 
50000.0 2.0 1.0 2.0 2.0 2.0 2.0 0.0 0.0 0.0 48283.0 48767.0 35917.0 26946.0 22458.0 23569.0 1700.0 0.0 1036.0 817.0 1486.0 3500.0 1.0 
160000.0 1.0 1.0 2.0 1.0 0.0 0.0 0.0 0.0 0.0 0.0 650.0 0.0 650.0 325.0 325.0 650.0 0.0 650.0 0.0 325.0 325.0 1.0 
200000.0 1.0 1.0 1.0 2.0 2.0 0.0 0.0 2.0 0.0 190672.0 186230.0 188391.0 199101.0 185247.0 165232.0 0.0 6784.0 13788.0 14.0 6021.0 5099.0 0.0 
360000.0 2.0 1.0 1.0 1.0 0.0 0.0 0.0 0.0 0.0 0.0 0.0 0.0 0.0 0.0 0.0 0.0 0.0 0.0 0.0 0.0 3220.0 1.0 
30000.0 1.0 1.0 2.0 1.0 2.0 2.0 2.0 2.0 0.0 26921.0 27809.0 21658.0 22794.0 22289.0 22916.0 1700.0 0.0 1800.0 0.0 1000.0 1000.0 0.0 
10000.0 1.0 0.0 2.0 2.0 0.0 0.0 0.0 0.0 0.0 4693.0 5371.0 6327.0 6055.0 0.0 0.0 1300.0 1600.0 400.0 0.0 0.0 0.0 1.0 
20000.0 2.0 0.0 3.0 2.0 0.0 0.0 0.0 0.0 2.0 18355.0 17165.0 17676.0 18300.0 20278.0 20192.0 1600.0 1500.0 900.0 3600.0 393.0 0.0 1.0 
50000.0 2.0 1.0 1.0 1.0 2.0 0.0 0.0 2.0 2.0 12744.0 12243.0 16215.0 20490.0 19990.0 0.0 0.0 4200.0 4700.0 0.0 0.0 3390.0 1.0 
90000.0 2.0 1.0 2.0 2.0 0.0 0.0 2.0 0.0 0.0 89346.0 89466.0 93755.0 89706.0 89221.0 91596.0 4100.0 8245.0 0.0 3450.0 7200.0 0.0 1.0 
200000.0 1.0 1.0 1.0 2.0 2.0 2.0 2.0 2.0 2.0 168289.0 172001.0 175281.0 177895.0 180078.0 184048.0 8000.0 7500.0 7000.0 6600.0 7000.0 7100.0 1.0 
140000.0 2.0 1.0 2.0 1.0 0.0 0.0 0.0 0.0 0.0 0.0 1216.0 2677.0 2985.0 3739.0 1242.0 1216.0 2698.0 6069.0 3889.0 1242.0 3061.0 0.0 
140000.0 1.0 1.0 2.0 1.0 2.0 2.0 0.0 0.0 0.0 94153.0 100214.0 97720.0 98997.0 101439.0 103840.0 8500.0 0.0 3800.0 4200.0 4250.0 4100.0 0.0 
100000.0 2.0 1.0 1.0 2.0 2.0 2.0 2.0 2.0 2.0 31786.0 34629.0 34189.0 36309.0 36916.0 36192.0 3680.0 400.0 3000.0 1500.0 0.0 3100.0 1.0 
60000.0 2.0 1.0 1.0 1.0 2.0 2.0 2.0 2.0 2.0 61474.0 59121.0 63389.0 60919.0 57800.0 58698.0 0.0 5229.0 18.0 3779.0 1764.0 0.0 1.0 
30000.0 1.0 1.0 2.0 2.0 0.0 2.0 0.0 0.0 0.0 581.0 1312.0 731.0 7300.0 6071.0 7849.0 1312.0 0.0 7300.0 6071.0 8000.0 16000.0 1.0 
50000.0 1.0 1.0 2.0 1.0 2.0 2.0 2.0 0.0 0.0 15116.0 14876.0 17325.0 16754.0 17175.0 17588.0 300.0 3000.0 0.0 1000.0 690.0 650.0 1.0 
30000.0 1.0 1.0 1.0 2.0 4.0 4.0 3.0 2.0 2.0 28854.0 30467.0 29721.0 28961.0 29397.0 29988.0 2372.0 0.0 0.0 1200.0 1200.0 1163.0 1.0 
70000.0 2.0 1.0 2.0 1.0 2.0 2.0 2.0 2.0 2.0 52204.0 53250.0 53799.0 52330.0 55666.0 56839.0 2500.0 1983.0 0.0 4206.0 2200.0 0.0 1.0 
20000.0 2.0 1.0 2.0 2.0 0.0 0.0 0.0 0.0 2.0 13718.0 15033.0 15751.0 17068.0 17891.0 17463.0 1550.0 1268.0 1585.0 1408.0 0.0 1700.0 1.0 
90000.0 1.0 1.0 1.0 2.0 0.0 0.0 0.0 0.0 0.0 58395.0 59559.0 61640.0 62793.0 63493.0 67204.0 2134.0 3043.0 3000.0 2300.0 4506.0 15490.0 1.0 
180000.0 2.0 1.0 1.0 2.0 0.0 0.0 0.0 0.0 0.0 1343.0 437.0 2297.0 4428.0 985.0 4028.0 438.0 2308.0 4446.0 987.0 4040.0 600.0 1.0 
30000.0 2.0 1.0 2.0 3.0 3.0 3.0 3.0 2.0 2.0 29093.0 29532.0 29954.0 29176.0 29958.0 30520.0 1200.0 1200.0 0.0 1400.0 1200.0 0.0 1.0 
130000.0 1.0 1.0 1.0 2.0 2.0 2.0 0.0 0.0 0.0 109994.0 125138.0 114344.0 96995.0 100086.0 92344.0 17100.0 17.0 4000.0 5000.0 4000.0 4000.0 1.0 
140000.0 1.0 1.0 2.0 2.0 2.0 2.0 2.0 2.0 2.0 119424.0 116014.0 133567.0 129953.0 136283.0 139961.0 0.0 19500.0 0.0 10000.0 6000.0 5000.0 1.0 
120000.0 1.0 1.0 2.0 2.0 0.0 0.0 0.0 0.0 0.0 1330.0 2103.0 2473.0 1162.0 0.0 3443.0 2103.0 1170.0 1162.0 0.0 3443.0 0.0 1.0 
200000.0 2.0 1.0 1.0 1.0 2.0 2.0 2.0 0.0 0.0 38398.0 20693.0 27932.0 12585.0 45031.0 19836.0 0.0 15015.0 0.0 45031.0 20000.0 45010.0 1.0 
50000.0 2.0 1.0 2.0 2.0 2.0 2.0 2.0 0.0 0.0 48286.0 49286.0 50006.0 48846.0 45944.0 46925.0 2100.0 1800.0 0.0 1624.0 1700.0 3000.0 1.0 
300000.0 1.0 1.0 1.0 1.0 2.0 2.0 2.0 2.0 2.0 54977.0 56189.0 56663.0 57428.0 58455.0 57556.0 2500.0 1800.0 2100.0 1900.0 0.0 3500.0 1.0 
20000.0 1.0 0.0 1.0 2.0 3.0 2.0 3.0 2.0 0.0 10449.0 10135.0 11926.0 11448.0 10970.0 11636.0 0.0 2100.0 0.0 0.0 1000.0 1000.0 1.0 
30000.0 1.0 1.0 1.0 1.0 3.0 2.0 2.0 2.0 2.0 23171.0 22523.0 21863.0 23296.0 22783.0 24310.0 0.0 0.0 1800.0 0.0 1910.0 780.0 1.0 
50000.0 1.0 1.0 2.0 1.0 2.0 0.0 0.0 0.0 0.0 15491.0 15934.0 17168.0 18376.0 19068.0 19760.0 1000.0 1500.0 1500.0 1000.0 1000.0 2500.0 1.0 
30000.0 2.0 0.0 1.0 2.0 0.0 0.0 0.0 0.0 0.0 27783.0 27584.0 28638.0 29584.0 30036.0 29404.0 1748.0 1802.0 1748.0 1200.0 1223.0 1100.0 1.0 
280000.0 1.0 1.0 1.0 1.0 2.0 2.0 2.0 0.0 0.0 168708.0 172528.0 174328.0 170028.0 174281.0 185348.0 8000.0 6100.0 0.0 7000.0 14000.0 7000.0 1.0 
280000.0 1.0 1.0 2.0 2.0 2.0 2.0 2.0 0.0 0.0 163675.0 168581.0 170775.0 166749.0 168739.0 166757.0 9000.0 6000.0 5.0 5858.0 5741.0 5608.0 1.0 
80000.0 1.0 1.0 1.0 2.0 0.0 0.0 0.0 0.0 0.0 59999.0 61205.0 62620.0 63870.0 64114.0 65932.0 2800.0 3000.0 2901.0 2500.0 3000.0 5202.0 1.0 
90000.0 1.0 0.0 2.0 2.0 2.0 2.0 2.0 0.0 0.0 90221.0 91898.0 91334.0 59253.0 58519.0 58443.0 4000.0 2090.0 0.0 2078.0 2900.0 2000.0 1.0 
70000.0 2.0 1.0 2.0 2.0 2.0 2.0 2.0 0.0 0.0 64838.0 69136.0 69422.0 65107.0 28736.0 29221.0 6000.0 2000.0 55.0 1170.0 1100.0 1170.0 1.0 
70000.0 2.0 1.0 2.0 2.0 0.0 0.0 0.0 0.0 0.0 64744.0 66030.0 67450.0 68587.0 57710.0 58918.0 2361.0 2482.0 2293.0 2063.0 2135.0 2188.0 1.0 
250000.0 2.0 1.0 1.0 3.0 2.0 2.0 0.0 0.0 0.0 2500.0 2500.0 0.0 0.0 0.0 0.0 0.0 0.0 0.0 0.0 0.0 0.0 1.0 
30000.0 1.0 1.0 1.0 1.0 2.0 0.0 0.0 2.0 2.0 15148.0 14620.0 15322.0 16469.0 16063.0 17295.0 0.0 1253.0 1400.0 0.0 1500.0 0.0 0.0 
140000.0 2.0 1.0 1.0 1.0 0.0 0.0 0.0 0.0 2.0 0.0 0.0 0.0 0.0 825.0 675.0 0.0 0.0 0.0 825.0 0.0 23715.0 0.0 
50000.0 2.0 1.0 2.0 2.0 2.0 0.0 0.0 0.0 0.0 19930.0 19316.0 20347.0 21354.0 21630.0 23123.0 0.0 1646.0 1653.0 929.0 2000.0 0.0 1.0 
50000.0 2.0 0.0 2.0 2.0 0.0 0.0 0.0 0.0 0.0 344.0 5036.0 1780.0 5808.0 390.0 780.0 5128.0 1780.0 5808.0 390.0 780.0 0.0 1.0 
10000.0 2.0 1.0 1.0 1.0 2.0 2.0 2.0 0.0 0.0 5015.0 4789.0 6199.0 5951.0 6255.0 6401.0 0.0 1500.0 0.0 400.0 400.0 700.0 1.0 
200000.0 1.0 1.0 2.0 1.0 2.0 2.0 3.0 2.0 2.0 182307.0 186128.0 197509.0 193046.0 194368.0 182903.0 8300.0 15900.0 200.0 6100.0 7000.0 0.0 1.0 
100000.0 2.0 0.0 1.0 2.0 2.0 2.0 0.0 0.0 0.0 110537.0 99734.0 99973.0 71008.0 66735.0 68621.0 0.0 3000.0 103000.0 2500.0 3000.0 3000.0 1.0 
180000.0 2.0 1.0 2.0 1.0 2.0 0.0 0.0 0.0 0.0 7445.0 1706.0 1600.0 0.0 22357.0 21541.0 0.0 1600.0 0.0 22357.0 1500.0 785.0 1.0 
130000.0 2.0 1.0 1.0 1.0 0.0 0.0 0.0 0.0 0.0 0.0 0.0 441.0 305.0 0.0 0.0 0.0 441.0 305.0 0.0 0.0 0.0 1.0 
50000.0 2.0 0.0 2.0 1.0 0.0 0.0 0.0 0.0 0.0 0.0 0.0 0.0 0.0 562.0 736.0 0.0 0.0 0.0 562.0 736.0 1269.0 1.0 
130000.0 2.0 1.0 2.0 2.0 2.0 0.0 0.0 0.0 0.0 1176.0 0.0 41.0 1062.0 -201.0 -201.0 0.0 41.0 1021.0 0.0 0.0 0.0 1.0 
90000.0 2.0 1.0 1.0 1.0 0.0 0.0 0.0 0.0 0.0 0.0 0.0 0.0 2146.0 2452.0 6990.0 0.0 0.0 2146.0 2452.0 6990.0 3550.0 1.0 
150000.0 1.0 1.0 1.0 2.0 2.0 2.0 0.0 0.0 2.0 113358.0 124745.0 121249.0 124237.0 132252.0 134925.0 14779.0 0.0 5000.0 10000.0 5000.0 0.0 1.0 
180000.0 1.0 1.0 2.0 1.0 0.0 0.0 0.0 0.0 0.0 -203.0 -698.0 -193.0 -688.0 817.0 1157.0 0.0 1000.0 0.0 2000.0 1000.0 2000.0 1.0 
110000.0 1.0 0.0 2.0 2.0 0.0 0.0 0.0 2.0 0.0 103356.0 85352.0 55489.0 49958.0 50524.0 50361.0 2700.0 1827.0 5400.0 1473.0 2100.0 1848.0 1.0 
150000.0 1.0 1.0 2.0 1.0 2.0 0.0 0.0 0.0 0.0 156387.0 148656.0 150963.0 152607.0 103113.0 96518.0 0.0 6000.0 10000.0 4000.0 4000.0 7000.0 1.0 
40000.0 2.0 1.0 1.0 2.0 2.0 2.0 2.0 2.0 2.0 33895.0 33068.0 35704.0 36173.0 36796.0 37288.0 0.0 3200.0 1500.0 1500.0 1400.0 1500.0 1.0 
50000.0 2.0 1.0 2.0 2.0 2.0 0.0 0.0 0.0 0.0 4338.0 0.0 0.0 0.0 0.0 74.0 0.0 0.0 0.0 0.0 74.0 390.0 1.0 
460000.0 1.0 1.0 1.0 2.0 0.0 0.0 0.0 0.0 0.0 171.0 2715.0 -13.0 2641.0 -10.0 22535.0 2728.0 0.0 2654.0 0.0 22545.0 0.0 1.0 
360000.0 1.0 1.0 1.0 1.0 0.0 0.0 0.0 0.0 0.0 -130.0 -130.0 -130.0 -130.0 25619.0 -395.0 0.0 0.0 0.0 25749.0 0.0 0.0 1.0 
200000.0 2.0 1.0 2.0 1.0 2.0 2.0 2.0 2.0 2.0 171468.0 167214.0 180484.0 176111.0 184620.0 189518.0 0.0 16000.0 0.0 13000.0 8000.0 0.0 1.0 
10000.0 2.0 1.0 2.0 5.0 4.0 3.0 2.0 2.0 2.0 8541.0 8270.0 7995.0 7720.0 8224.0 7944.0 0.0 0.0 0.0 778.0 0.0 158.0 1.0 
20000.0 1.0 1.0 2.0 2.0 2.0 2.0 2.0 4.0 3.0 15586.0 16649.0 16090.0 20648.0 19759.0 19160.0 1609.0 0.0 5148.0 0.0 0.0 0.0 1.0 
270000.0 1.0 1.0 1.0 2.0 2.0 2.0 0.0 0.0 0.0 53624.0 67736.0 63082.0 73568.0 77642.0 73452.0 15018.0 0.0 20000.0 5000.0 10000.0 0.0 1.0 
120000.0 2.0 1.0 2.0 2.0 2.0 0.0 0.0 0.0 0.0 500.0 0.0 0.0 41150.0 0.0 125.0 0.0 0.0 41150.0 0.0 125.0 0.0 1.0 
20000.0 1.0 0.0 2.0 4.0 3.0 2.0 0.0 0.0 0.0 20569.0 19927.0 16371.0 17291.0 18001.0 18706.0 0.0 0.0 1500.0 1000.0 1000.0 836.0 1.0 
70000.0 2.0 1.0 2.0 2.0 0.0 0.0 2.0 2.0 2.0 41087.0 42445.0 45020.0 44006.0 46905.0 46012.0 2007.0 3582.0 0.0 3601.0 0.0 1820.0 1.0 
150000.0 2.0 1.0 1.0 1.0 0.0 2.0 2.0 0.0 0.0 0.0 1505.0 1333.0 0.0 0.0 1930.0 1505.0 0.0 0.0 0.0 1930.0 0.0 1.0 
120000.0 1.0 1.0 1.0 1.0 2.0 2.0 2.0 2.0 2.0 114127.0 117131.0 114496.0 120538.0 115975.0 116937.0 7000.0 1500.0 9975.0 0.0 8000.0 0.0 1.0 
60000.0 1.0 1.0 2.0 2.0 2.0 2.0 0.0 0.0 0.0 48945.0 52362.0 51255.0 52119.0 52866.0 53969.0 4549.0 0.0 2313.0 2044.0 2110.0 2500.0 1.0 
60000.0 1.0 0.0 1.0 1.0 2.0 2.0 0.0 0.0 2.0 29295.0 30321.0 31018.0 32193.0 34213.0 35002.0 1800.0 1500.0 2000.0 2700.0 1500.0 0.0 1.0 
60000.0 2.0 1.0 3.0 1.0 1.0 0.0 0.0 0.0 0.0 58574.0 -1540.0 -1930.0 -2320.0 -1220.0 0.0 0.0 0.0 0.0 2000.0 2000.0 0.0 1.0 
100000.0 2.0 1.0 2.0 2.0 0.0 0.0 0.0 0.0 0.0 4523.0 7267.0 9967.0 19706.0 20378.0 22038.0 3000.0 3000.0 10000.0 1000.0 2000.0 4000.0 1.0 
50000.0 2.0 1.0 2.0 2.0 2.0 2.0 0.0 0.0 0.0 49559.0 49548.0 50148.0 48910.0 29848.0 26159.0 1100.0 1700.0 1500.0 1000.0 1000.0 1300.0 1.0 
100000.0 2.0 1.0 1.0 2.0 2.0 0.0 0.0 2.0 0.0 97229.0 94777.0 95634.0 65828.0 61621.0 62756.0 0.0 2924.0 5226.0 0.0 2278.0 2292.0 1.0 
90000.0 2.0 1.0 2.0 1.0 2.0 0.0 0.0 0.0 0.0 9370.0 9078.0 10267.0 10350.0 10564.0 10771.0 0.0 1500.0 550.0 529.0 531.0 550.0 1.0 
300000.0 2.0 0.0 2.0 1.0 0.0 0.0 0.0 0.0 0.0 -3928.0 -5973.0 4735.0 6186.0 116.0 14429.0 1720.0 344467.0 6822.0 49.0 15000.0 12000.0 1.0 
30000.0 2.0 1.0 1.0 1.0 2.0 0.0 0.0 0.0 0.0 26840.0 25311.0 25906.0 25494.0 24986.0 24915.0 0.0 1804.0 1200.0 500.0 737.0 0.0 1.0 
120000.0 2.0 1.0 2.0 3.0 2.0 2.0 5.0 5.0 4.0 1250.0 1250.0 1250.0 1250.0 1250.0 650.0 0.0 0.0 0.0 0.0 0.0 0.0 0.0 
30000.0 2.0 0.0 1.0 2.0 2.0 0.0 0.0 0.0 0.0 35647.0 34775.0 35946.0 37685.0 33305.0 28305.0 0.0 1733.0 2452.0 1072.0 1089.0 3101.0 0.0 
30000.0 2.0 0.0 1.0 2.0 2.0 2.0 2.0 2.0 2.0 19608.0 20696.0 20071.0 21432.0 21704.0 21205.0 1700.0 0.0 2000.0 760.0 0.0 2000.0 1.0 
180000.0 1.0 1.0 2.0 1.0 2.0 0.0 0.0 0.0 0.0 124233.0 125768.0 126202.0 127677.0 99764.0 0.0 5000.0 4200.0 3000.0 5000.0 2000.0 0.0 1.0 
60000.0 2.0 1.0 2.0 1.0 2.0 2.0 0.0 0.0 0.0 45014.0 45698.0 39068.0 51205.0 54520.0 55964.0 1774.0 0.0 12858.0 4166.0 2350.0 3300.0 0.0 
30000.0 1.0 0.0 2.0 1.0 0.0 2.0 0.0 0.0 0.0 -857.0 29237.0 1170.0 780.0 10500.0 0.0 30484.0 0.0 0.0 10500.0 0.0 0.0 1.0 
320000.0 2.0 1.0 1.0 2.0 0.0 0.0 0.0 0.0 0.0 520651.0 383123.0 391741.0 400196.0 408503.0 156881.0 10000.0 11000.0 11000.0 10800.0 5992.0 4967.0 1.0 
20000.0 2.0 0.0 2.0 1.0 0.0 0.0 0.0 0.0 0.0 -8.0 4485.0 0.0 0.0 0.0 0.0 13148.0 433.0 0.0 0.0 0.0 0.0 1.0 
20000.0 1.0 1.0 2.0 2.0 0.0 0.0 2.0 2.0 2.0 4127.0 5557.0 7458.0 7192.0 7923.0 7647.0 1500.0 2000.0 0.0 1000.0 0.0 1000.0 1.0 
70000.0 2.0 0.0 1.0 1.0 0.0 0.0 2.0 0.0 0.0 30950.0 33087.0 42935.0 28346.0 27279.0 28976.0 3107.0 48323.0 0.0 2001.0 3000.0 3003.0 1.0 
50000.0 1.0 1.0 2.0 2.0 0.0 0.0 0.0 0.0 0.0 48508.0 45951.0 44013.0 28094.0 29138.0 30625.0 2500.0 2000.0 1200.0 1500.0 2000.0 1500.0 1.0 
170000.0 2.0 1.0 1.0 2.0 0.0 2.0 0.0 0.0 0.0 193.0 3760.0 3500.0 7190.0 9000.0 0.0 3760.0 0.0 7190.0 9000.0 0.0 0.0 1.0 
30000.0 1.0 1.0 2.0 1.0 2.0 2.0 2.0 2.0 2.0 10916.0 11940.0 11462.0 13263.0 12758.0 13545.0 1500.0 0.0 2300.0 0.0 1300.0 800.0 1.0 
70000.0 1.0 1.0 2.0 1.0 2.0 0.0 0.0 0.0 2.0 24635.0 23020.0 22496.0 22070.0 22101.0 20724.0 1100.0 1703.0 1000.0 1800.0 0.0 900.0 1.0 
30000.0 2.0 1.0 1.0 2.0 2.0 2.0 2.0 2.0 2.0 24014.0 25891.0 27385.0 27834.0 28241.0 28130.0 2274.0 2217.0 1200.0 1000.0 500.0 2000.0 1.0 
200000.0 1.0 1.0 1.0 1.0 0.0 0.0 0.0 0.0 0.0 736.0 736.0 736.0 736.0 736.0 316.0 736.0 736.0 736.0 736.0 316.0 1156.0 1.0 
50000.0 2.0 0.0 1.0 1.0 0.0 0.0 0.0 0.0 0.0 -639.0 -639.0 -1800.0 0.0 0.0 0.0 0.0 900.0 1800.0 0.0 0.0 0.0 1.0 
400000.0 1.0 1.0 2.0 2.0 2.0 2.0 2.0 2.0 2.0 50747.0 49666.0 52727.0 51286.0 55077.0 55500.0 0.0 4500.0 0.0 4800.0 1600.0 0.0 0.0 
200000.0 1.0 1.0 1.0 7.0 6.0 5.0 4.0 3.0 2.0 254266.0 240966.0 228663.0 217600.0 208432.0 200057.0 0.0 328.0 0.0 0.0 600.0 2500.0 1.0 
80000.0 2.0 1.0 2.0 2.0 2.0 2.0 2.0 2.0 2.0 23787.0 23124.0 26700.0 27064.0 27685.0 27091.0 0.0 4300.0 1100.0 1200.0 0.0 2500.0 1.0 
30000.0 1.0 1.0 2.0 1.0 3.0 2.0 2.0 0.0 0.0 31305.0 30527.0 30789.0 29504.0 30276.0 29695.0 0.0 1060.0 0.0 1251.0 1078.0 1243.0 1.0 
200000.0 2.0 1.0 1.0 2.0 0.0 0.0 0.0 0.0 0.0 197810.0 201362.0 164183.0 136199.0 139209.0 135742.0 9051.0 7000.0 5000.0 5000.0 5000.0 5000.0 1.0 
140000.0 2.0 1.0 2.0 2.0 2.0 2.0 0.0 0.0 2.0 26450.0 28823.0 28171.0 28740.0 30454.0 29930.0 3007.0 0.0 924.0 2070.0 0.0 3000.0 0.0 
160000.0 1.0 1.0 1.0 2.0 0.0 0.0 0.0 0.0 0.0 833.0 833.0 833.0 833.0 833.0 833.0 833.0 833.0 833.0 833.0 833.0 833.0 1.0 
120000.0 2.0 1.0 2.0 1.0 0.0 0.0 0.0 0.0 0.0 -93.0 936.0 0.0 680.0 0.0 0.0 1029.0 0.0 680.0 0.0 0.0 1381.0 1.0 
60000.0 2.0 1.0 1.0 2.0 0.0 0.0 0.0 0.0 0.0 60099.0 60983.0 55595.0 54940.0 47959.0 29763.0 2500.0 2006.0 5000.0 2000.0 2000.0 0.0 1.0 
180000.0 1.0 1.0 1.0 1.0 2.0 2.0 2.0 2.0 2.0 133424.0 134835.0 131176.0 139976.0 138325.0 146136.0 5000.0 0.0 11000.0 700.0 10300.0 0.0 1.0 
110000.0 2.0 1.0 2.0 2.0 2.0 2.0 2.0 2.0 2.0 91773.0 93892.0 94652.0 97097.0 98097.0 100361.0 4550.0 3150.0 4900.0 3500.0 4000.0 3900.0 1.0 
30000.0 2.0 1.0 2.0 1.0 2.0 2.0 2.0 2.0 2.0 14149.0 15171.0 14635.0 15318.0 14930.0 16562.0 1543.0 0.0 1226.0 0.0 1882.0 0.0 1.0 
250000.0 1.0 1.0 1.0 2.0 2.0 2.0 0.0 0.0 2.0 29086.0 33288.0 32459.0 34600.0 36539.0 38287.0 5000.0 0.0 3000.0 2500.0 2500.0 0.0 1.0 
50000.0 2.0 1.0 1.0 1.0 2.0 2.0 2.0 2.0 2.0 20293.0 21657.0 23012.0 23338.0 23658.0 23139.0 2000.0 2000.0 1000.0 1000.0 0.0 1500.0 1.0 
300000.0 1.0 1.0 1.0 1.0 0.0 0.0 0.0 0.0 0.0 114324.0 238058.0 236220.0 233586.0 234661.0 233304.0 244500.0 8613.0 8000.0 11000.0 8093.0 6399.0 1.0 
150000.0 2.0 1.0 1.0 1.0 2.0 0.0 0.0 0.0 0.0 42932.0 42010.0 46007.0 47978.0 49100.0 50181.0 0.0 5000.0 3000.0 2000.0 2000.0 2000.0 1.0 
200000.0 2.0 1.0 1.0 1.0 0.0 0.0 0.0 0.0 0.0 -2.0 758.0 998.0 668.0 9815.0 36870.0 760.0 1000.0 670.0 9852.0 40063.0 1049.0 0.0 
200000.0 1.0 0.0 2.0 1.0 2.0 2.0 3.0 2.0 2.0 138839.0 142121.0 193777.0 189225.0 192304.0 188695.0 7001.0 56100.0 5.0 7269.0 28.0 5828.0 1.0 
50000.0 2.0 1.0 1.0 2.0 0.0 0.0 2.0 2.0 0.0 62643.0 59851.0 65545.0 62672.0 57755.0 55512.0 2151.0 10000.0 2100.0 0.0 2000.0 1861.0 1.0 
140000.0 2.0 1.0 2.0 2.0 2.0 3.0 2.0 0.0 0.0 137582.0 145941.0 142243.0 138383.0 131645.0 123840.0 12100.0 0.0 0.0 6000.0 5000.0 6000.0 1.0 
10000.0 1.0 1.0 2.0 2.0 2.0 0.0 0.0 0.0 0.0 8837.0 7554.0 8287.0 9580.0 9267.0 10096.0 0.0 1500.0 2000.0 700.0 1500.0 0.0 1.0 
150000.0 2.0 1.0 2.0 2.0 2.0 2.0 0.0 0.0 0.0 63486.0 66741.0 744.0 5714.0 809.0 2315.0 4330.0 3.0 5762.0 813.0 2318.0 1616.0 1.0 
100000.0 2.0 1.0 2.0 1.0 2.0 0.0 0.0 0.0 0.0 97271.0 88596.0 89218.0 63243.0 42510.0 41221.0 0.0 4950.0 2400.0 1200.0 1400.0 1203.0 1.0 
160000.0 1.0 1.0 1.0 2.0 3.0 2.0 0.0 0.0 0.0 79244.0 77441.0 75598.0 82277.0 84955.0 87549.0 0.0 0.0 8000.0 4000.0 4000.0 4000.0 1.0 
20000.0 1.0 1.0 2.0 1.0 2.0 2.0 0.0 0.0 0.0 17147.0 19557.0 18935.0 19005.0 17862.0 20393.0 3000.0 0.0 653.0 900.0 3000.0 27.0 1.0 
100000.0 2.0 1.0 2.0 2.0 0.0 0.0 2.0 2.0 2.0 40626.0 41945.0 45247.0 45208.0 46160.0 48268.0 2000.0 4000.0 1000.0 2000.0 3000.0 0.0 1.0 
20000.0 1.0 1.0 1.0 2.0 2.0 2.0 0.0 0.0 0.0 20547.0 17089.0 15824.0 17840.0 18140.0 0.0 1250.0 0.0 30000.0 500.0 0.0 0.0 1.0 
160000.0 2.0 1.0 2.0 2.0 2.0 2.0 2.0 2.0 2.0 147333.0 143786.0 151842.0 147962.0 156921.0 159416.0 200.0 12000.0 0.0 11500.0 5811.0 0.0 1.0 
20000.0 1.0 0.0 1.0 2.0 2.0 2.0 2.0 2.0 0.0 14328.0 17196.0 17418.0 17608.0 17187.0 17528.0 3114.0 800.0 770.0 0.0 776.0 549.0 1.0 
20000.0 2.0 1.0 2.0 2.0 2.0 0.0 0.0 0.0 0.0 17311.0 0.0 0.0 0.0 4599.0 4779.0 0.0 0.0 0.0 4599.0 700.0 0.0 1.0 
110000.0 1.0 1.0 1.0 2.0 2.0 2.0 2.0 2.0 2.0 55753.0 56839.0 58039.0 58792.0 59620.0 60819.0 2600.0 2700.0 2300.0 2400.0 2300.0 2400.0 1.0 
160000.0 1.0 0.0 2.0 1.0 2.0 0.0 0.0 0.0 0.0 80166.0 34775.0 34073.0 15676.0 99436.0 90927.0 0.0 142848.0 1800.0 90000.0 3300.0 3400.0 1.0 
150000.0 1.0 1.0 2.0 2.0 2.0 2.0 2.0 2.0 2.0 36148.0 36858.0 35985.0 38687.0 37765.0 40352.0 1600.0 0.0 3300.0 0.0 3200.0 1700.0 1.0 
120000.0 1.0 0.0 1.0 1.0 2.0 2.0 2.0 2.0 2.0 110826.0 113572.0 114719.0 115736.0 117729.0 120601.0 6000.0 4500.0 4400.0 4000.0 5000.0 4700.0 1.0 
230000.0 2.0 1.0 1.0 2.0 2.0 2.0 2.0 2.0 2.0 186163.0 190784.0 195724.0 198707.0 201634.0 205949.0 9000.0 9300.0 7500.0 7500.0 7500.0 7500.0 1.0 
50000.0 1.0 1.0 2.0 2.0 0.0 0.0 0.0 0.0 0.0 50481.0 48264.0 19142.0 18188.0 18397.0 18161.0 3183.0 1565.0 7240.0 795.0 1000.0 673.0 1.0 
70000.0 1.0 1.0 2.0 1.0 2.0 2.0 0.0 0.0 2.0 65802.0 67369.0 65701.0 66782.0 36137.0 36894.0 3200.0 0.0 3000.0 3000.0 1500.0 0.0 1.0 
160000.0 2.0 1.0 2.0 1.0 2.0 2.0 0.0 0.0 0.0 152699.0 152630.0 95758.0 97251.0 98010.0 99669.0 4462.0 0.0 4385.0 3639.0 3762.0 3800.0 1.0 
20000.0 1.0 1.0 2.0 1.0 2.0 0.0 0.0 0.0 0.0 14440.0 13916.0 15376.0 18075.0 18830.0 20423.0 0.0 2000.0 3000.0 1000.0 2000.0 0.0 1.0 
200000.0 1.0 1.0 1.0 1.0 0.0 0.0 0.0 0.0 0.0 0.0 2920.0 0.0 0.0 0.0 6753.0 2920.0 0.0 0.0 0.0 6753.0 0.0 1.0 
60000.0 1.0 1.0 2.0 1.0 2.0 2.0 0.0 0.0 2.0 43434.0 44522.0 43222.0 43588.0 46564.0 47369.0 2100.0 0.0 1708.0 4000.0 2000.0 1903.0 1.0 
120000.0 2.0 1.0 2.0 2.0 2.0 2.0 2.0 2.0 2.0 120649.0 123203.0 119820.0 124755.0 99423.0 101718.0 6000.0 0.0 8500.0 0.0 11345.0 3700.0 1.0 
180000.0 1.0 1.0 2.0 2.0 2.0 0.0 0.0 0.0 0.0 21564.0 20939.0 22182.0 12382.0 -18.0 -18.0 0.0 2100.0 200.0 0.0 0.0 0.0 1.0 
100000.0 2.0 1.0 1.0 1.0 0.0 0.0 0.0 0.0 0.0 0.0 851.0 1585.0 -1.0 -1.0 2994.0 851.0 1589.0 0.0 0.0 2995.0 0.0 1.0 
200000.0 1.0 1.0 2.0 2.0 2.0 2.0 2.0 2.0 2.0 196979.0 200055.0 202494.0 162228.0 154294.0 147514.0 7800.0 7500.0 0.0 6700.0 5000.0 7000.0 1.0 
70000.0 2.0 1.0 2.0 2.0 0.0 0.0 0.0 0.0 0.0 5730.0 7625.0 9484.0 11317.0 13125.0 14742.0 2000.0 2000.0 2000.0 2000.0 2000.0 2000.0 1.0 
20000.0 1.0 1.0 2.0 1.0 2.0 2.0 2.0 3.0 2.0 8545.0 10177.0 10467.0 11987.0 11503.0 11175.0 1923.0 600.0 2000.0 0.0 0.0 1000.0 1.0 
70000.0 2.0 1.0 2.0 2.0 2.0 2.0 3.0 2.0 2.0 42583.0 43600.0 47550.0 46487.0 47298.0 46384.0 2000.0 5000.0 0.0 1700.0 0.0 3700.0 1.0 
80000.0 2.0 1.0 1.0 2.0 2.0 2.0 2.0 2.0 2.0 27458.0 28522.0 27770.0 29396.0 29974.0 30529.0 1800.0 0.0 2400.0 1200.0 1200.0 1200.0 1.0 
80000.0 2.0 1.0 1.0 1.0 2.0 2.0 2.0 2.0 2.0 30997.0 32043.0 31250.0 34109.0 34802.0 34108.0 1852.0 0.0 3711.0 1550.0 0.0 1400.0 1.0 
30000.0 1.0 1.0 1.0 1.0 2.0 2.0 0.0 0.0 0.0 16063.0 17512.0 16800.0 16600.0 11959.0 12957.0 2000.0 0.0 0.0 11959.0 1200.0 0.0 1.0 
170000.0 2.0 1.0 2.0 2.0 0.0 0.0 0.0 0.0 0.0 173577.0 171480.0 171794.0 166637.0 169021.0 164531.0 6500.0 7100.0 6100.0 6000.0 5600.0 7700.0 1.0 
140000.0 1.0 1.0 1.0 1.0 2.0 2.0 2.0 2.0 2.0 73302.0 74539.0 75724.0 73909.0 78305.0 76888.0 3000.0 3000.0 0.0 5763.0 0.0 6100.0 1.0 
150000.0 2.0 1.0 2.0 2.0 2.0 0.0 0.0 0.0 0.0 55337.0 53851.0 53710.0 48797.0 49928.0 51106.0 0.0 2503.0 2000.0 1804.0 2000.0 2000.0 1.0 
30000.0 2.0 0.0 1.0 1.0 2.0 2.0 2.0 0.0 0.0 39995.0 38049.0 35435.0 31976.0 29704.0 27687.0 1700.0 1100.0 0.0 1030.0 1000.0 3330.0 1.0 
20000.0 1.0 1.0 1.0 2.0 2.0 2.0 0.0 0.0 0.0 9735.0 12564.0 12077.0 12779.0 13033.0 13308.0 3000.0 0.0 1212.0 466.0 485.0 900.0 1.0 
30000.0 1.0 1.0 1.0 1.0 2.0 0.0 0.0 0.0 0.0 30559.0 26457.0 27469.0 28013.0 28614.0 29636.0 129.0 1456.0 1000.0 1050.0 1500.0 1505.0 1.0 
40000.0 2.0 1.0 1.0 2.0 2.0 2.0 2.0 2.0 0.0 28953.0 35389.0 34205.0 39361.0 35125.0 35890.0 6918.0 0.0 6000.0 0.0 2000.0 5000.0 1.0 
50000.0 2.0 1.0 2.0 2.0 0.0 0.0 2.0 2.0 2.0 28133.0 29461.0 32067.0 31252.0 32633.0 33965.0 1800.0 3400.0 0.0 1900.0 2000.0 0.0 1.0 
20000.0 2.0 0.0 1.0 1.0 2.0 2.0 0.0 0.0 0.0 14428.0 14310.0 0.0 0.0 0.0 0.0 480.0 0.0 0.0 0.0 0.0 0.0 1.0 
50000.0 2.0 1.0 2.0 1.0 2.0 2.0 2.0 2.0 2.0 51943.0 50800.0 51967.0 50794.0 51911.0 50976.0 0.0 4156.0 0.0 4100.0 0.0 2000.0 1.0 
30000.0 2.0 1.0 2.0 1.0 0.0 0.0 0.0 0.0 0.0 4000.0 5645.0 3508.0 -27.0 13744.0 5906.0 5645.0 3508.0 27.0 13771.0 5911.0 3024.0 1.0 
140000.0 2.0 1.0 2.0 1.0 0.0 0.0 0.0 2.0 0.0 0.0 0.0 167.0 80644.0 146651.0 55776.0 0.0 167.0 80677.0 0.0 2500.0 28.0 1.0 
60000.0 2.0 1.0 1.0 1.0 2.0 2.0 2.0 2.0 3.0 5601.0 5366.0 6772.0 6515.0 7906.0 7487.0 0.0 1500.0 0.0 1500.0 0.0 0.0 1.0 
150000.0 1.0 1.0 2.0 1.0 2.0 2.0 2.0 0.0 0.0 88590.0 85800.0 91242.0 88399.0 89629.0 94637.0 0.0 7400.0 0.0 3300.0 7000.0 0.0 1.0 
50000.0 2.0 1.0 2.0 1.0 0.0 2.0 0.0 0.0 0.0 -69.0 7721.0 3079.0 7095.0 7237.0 6446.0 7790.0 0.0 4095.0 245.0 234.0 266.0 1.0 
200000.0 1.0 1.0 1.0 1.0 0.0 0.0 0.0 0.0 0.0 0.0 0.0 0.0 41673.0 42312.0 36171.0 0.0 0.0 41673.0 1206.0 1444.0 618.0 1.0 
30000.0 2.0 1.0 2.0 2.0 2.0 2.0 0.0 0.0 0.0 25267.0 26353.0 25650.0 26416.0 27178.0 28332.0 1800.0 0.0 1500.0 1200.0 1750.0 1300.0 1.0 
70000.0 2.0 1.0 2.0 1.0 2.0 2.0 2.0 0.0 0.0 24208.0 25015.0 27189.0 26456.0 28361.0 31873.0 1500.0 2900.0 0.0 2500.0 4000.0 0.0 0.0 
100000.0 1.0 1.0 1.0 2.0 0.0 0.0 0.0 0.0 0.0 85806.0 85195.0 85464.0 86921.0 88524.0 91241.0 3100.0 4000.0 4000.0 3500.0 5000.0 10000.0 1.0 
40000.0 1.0 1.0 2.0 2.0 2.0 3.0 2.0 2.0 2.0 52358.0 54892.0 53415.0 51259.0 47151.0 46934.0 4000.0 0.0 2000.0 0.0 3520.0 0.0 1.0 
230000.0 2.0 1.0 1.0 2.0 2.0 2.0 2.0 0.0 0.0 1214.0 964.0 1214.0 464.0 214.0 -536.0 500.0 1000.0 0.0 500.0 0.0 0.0 1.0 
30000.0 2.0 1.0 2.0 1.0 2.0 0.0 0.0 0.0 0.0 31089.0 10989.0 11997.0 12397.0 13043.0 13325.0 0.0 1200.0 600.0 1000.0 650.0 650.0 1.0 
120000.0 1.0 0.0 2.0 1.0 0.0 0.0 0.0 0.0 0.0 -94.0 -2090.0 -2390.0 -2390.0 -2390.0 -2390.0 3.0 0.0 0.0 0.0 0.0 0.0 1.0 
20000.0 2.0 1.0 1.0 2.0 0.0 0.0 0.0 2.0 0.0 16219.0 17626.0 18398.0 19052.0 15429.0 9199.0 1674.0 1446.0 1100.0 0.0 379.0 1085.0 1.0 
280000.0 1.0 1.0 2.0 1.0 0.0 0.0 0.0 0.0 0.0 0.0 3495.0 2783.0 2001.0 -339.0 -1180.0 3495.0 2783.0 0.0 0.0 0.0 0.0 1.0 
100000.0 1.0 1.0 2.0 1.0 3.0 3.0 2.0 2.0 2.0 99679.0 101249.0 98768.0 96287.0 102069.0 81931.0 4000.0 0.0 0.0 7629.0 0.0 18895.0 1.0 
60000.0 1.0 1.0 2.0 2.0 0.0 0.0 2.0 0.0 0.0 58598.0 56486.0 60877.0 56138.0 56806.0 57935.0 2632.0 5924.0 0.0 2200.0 2200.0 2290.0 1.0 
160000.0 1.0 1.0 2.0 2.0 2.0 2.0 2.0 0.0 0.0 63043.0 67460.0 68554.0 66841.0 74763.0 87692.0 6079.0 3064.0 0.0 10000.0 15000.0 0.0 1.0 
50000.0 2.0 0.0 2.0 2.0 0.0 0.0 0.0 0.0 0.0 13741.0 14750.0 15774.0 17087.0 17119.0 17602.0 1243.0 1267.0 1580.0 612.0 758.0 700.0 1.0 
190000.0 1.0 1.0 1.0 2.0 0.0 0.0 0.0 0.0 2.0 2461.0 8040.0 9640.0 0.0 5100.0 2350.0 8040.0 2000.0 0.0 5100.0 0.0 2792.0 1.0 
10000.0 2.0 0.0 2.0 1.0 2.0 0.0 2.0 0.0 0.0 4474.0 189.0 3510.0 3306.0 3551.0 5577.0 0.0 3510.0 0.0 300.0 2260.0 2000.0 1.0 
40000.0 1.0 1.0 2.0 2.0 0.0 0.0 0.0 0.0 2.0 1892.0 1889.0 1716.0 41710.0 42219.0 39774.0 1889.0 1716.0 41710.0 2800.0 0.0 1500.0 1.0 
340000.0 2.0 1.0 2.0 5.0 4.0 4.0 3.0 2.0 0.0 589654.0 581775.0 572677.0 384060.0 304508.0 247178.0 3000.0 0.0 0.0 1000.0 4320.0 287982.0 1.0 
400000.0 2.0 1.0 1.0 4.0 3.0 2.0 0.0 0.0 0.0 278863.0 275153.0 269528.0 269278.0 269278.0 1976.0 0.0 0.0 150.0 0.0 3355.0 5688.0 1.0 
50000.0 1.0 0.0 1.0 5.0 4.0 3.0 2.0 0.0 0.0 54090.0 52955.0 51847.0 50307.0 27707.0 28479.0 0.0 0.0 0.0 0.0 974.0 31100.0 1.0 
70000.0 1.0 0.0 3.0 3.0 2.0 2.0 0.0 0.0 0.0 8909.0 9812.0 9511.0 10828.0 11346.0 11589.0 1200.0 0.0 1482.0 1000.0 426.0 1000.0 0.0 
70000.0 2.0 1.0 2.0 1.0 2.0 0.0 0.0 2.0 0.0 71017.0 64454.0 64182.0 30351.0 29826.0 29699.0 0.0 1809.0 2500.0 0.0 2000.0 1500.0 0.0 
30000.0 1.0 1.0 2.0 1.0 0.0 0.0 0.0 0.0 0.0 0.0 0.0 0.0 0.0 2805.0 0.0 0.0 0.0 0.0 2805.0 0.0 0.0 1.0 
270000.0 1.0 1.0 1.0 2.0 0.0 0.0 0.0 0.0 0.0 275572.0 277585.0 232661.0 150298.0 134808.0 129645.0 10332.0 10000.0 18021.0 8026.0 6011.0 5000.0 1.0 
20000.0 2.0 1.0 3.0 1.0 2.0 2.0 2.0 0.0 0.0 17836.0 17246.0 19381.0 18772.0 19145.0 19545.0 0.0 2921.0 0.0 685.0 708.0 700.0 1.0 
200000.0 2.0 0.0 1.0 2.0 2.0 2.0 2.0 2.0 2.0 140327.0 143137.0 145374.0 147273.0 149244.0 151973.0 6600.0 6000.0 5860.0 6000.0 5000.0 0.0 1.0 
50000.0 2.0 0.0 2.0 1.0 0.0 2.0 0.0 0.0 0.0 0.0 9587.0 8845.0 8867.0 9074.0 9254.0 10587.0 331.0 317.0 350.0 331.0 500.0 0.0 
160000.0 1.0 0.0 2.0 2.0 2.0 2.0 2.0 2.0 0.0 152626.0 156752.0 152858.0 161801.0 114389.0 89684.0 8100.0 0.0 14025.0 0.0 5300.0 500.0 1.0 
240000.0 2.0 1.0 1.0 4.0 3.0 2.0 2.0 2.0 2.0 47739.0 46712.0 45660.0 48905.0 47993.0 52015.0 0.0 0.0 4000.0 0.0 5000.0 2000.0 1.0 
120000.0 2.0 1.0 1.0 1.0 2.0 3.0 2.0 3.0 2.0 57816.0 62139.0 60584.0 63871.0 62251.0 63443.0 5900.0 0.0 4900.0 0.0 2500.0 2500.0 1.0 
30000.0 1.0 1.0 2.0 1.0 0.0 0.0 0.0 0.0 0.0 0.0 780.0 0.0 0.0 0.0 0.0 780.0 0.0 0.0 0.0 0.0 0.0 1.0 
80000.0 2.0 1.0 2.0 1.0 2.0 2.0 0.0 0.0 0.0 80457.0 82885.0 80495.0 78027.0 30052.0 30373.0 4350.0 0.0 2350.0 1048.0 1077.0 1154.0 1.0 
130000.0 2.0 1.0 1.0 2.0 2.0 2.0 2.0 2.0 2.0 28967.0 30776.0 33071.0 32336.0 34186.0 34588.0 2500.0 3000.0 0.0 2600.0 1000.0 1500.0 1.0 
50000.0 2.0 1.0 2.0 3.0 3.0 2.0 2.0 2.0 2.0 35592.0 36518.0 36822.0 37421.0 38424.0 39035.0 1800.0 1200.0 1500.0 1750.0 1390.0 0.0 1.0 
200000.0 2.0 1.0 2.0 1.0 0.0 0.0 0.0 2.0 2.0 0.0 0.0 0.0 347.0 197.0 2917.0 0.0 0.0 347.0 0.0 2720.0 0.0 1.0 
70000.0 2.0 1.0 2.0 2.0 0.0 0.0 0.0 0.0 0.0 62049.0 64315.0 58564.0 56741.0 25172.0 29186.0 4000.0 3000.0 10032.0 8000.0 5139.0 1000.0 1.0 
50000.0 1.0 1.0 2.0 2.0 2.0 2.0 0.0 2.0 2.0 4187.0 5152.0 3679.0 596.0 446.0 2699.0 2300.0 0.0 700.0 0.0 2300.0 0.0 1.0 
60000.0 2.0 0.0 1.0 1.0 2.0 0.0 0.0 0.0 0.0 15442.0 16091.0 17512.0 18413.0 19951.0 21454.0 1200.0 2000.0 1500.0 2000.0 2000.0 1300.0 1.0 
140000.0 1.0 0.0 1.0 2.0 0.0 0.0 0.0 0.0 0.0 98985.0 98702.0 96753.0 94310.0 92182.0 88818.0 4520.0 4034.0 5050.0 6034.0 3202.0 5000.0 1.0 
30000.0 2.0 1.0 1.0 1.0 0.0 0.0 0.0 0.0 0.0 0.0 306.0 2017.0 6316.0 3107.0 0.0 306.0 2017.0 6316.0 62.0 0.0 1002.0 0.0 
30000.0 2.0 1.0 2.0 2.0 2.0 2.0 0.0 0.0 2.0 19674.0 21050.0 20414.0 22008.0 23480.0 23777.0 2000.0 0.0 1934.0 1824.0 830.0 0.0 0.0 
50000.0 2.0 1.0 1.0 2.0 2.0 0.0 0.0 0.0 0.0 49882.0 44110.0 44443.0 19522.0 19775.0 20325.0 0.0 1280.0 662.0 837.0 1000.0 1120.0 1.0 
70000.0 2.0 1.0 2.0 2.0 2.0 2.0 0.0 0.0 2.0 14871.0 17461.0 16892.0 18013.0 19315.0 19859.0 2850.0 0.0 1400.0 1600.0 1000.0 0.0 1.0 
140000.0 2.0 1.0 1.0 2.0 2.0 2.0 2.0 2.0 2.0 115019.0 115647.0 121304.0 122331.0 125296.0 127788.0 4000.0 9000.0 4500.0 5000.0 4639.0 0.0 1.0 
490000.0 1.0 1.0 1.0 2.0 0.0 0.0 0.0 0.0 0.0 3956.0 3081.0 0.0 0.0 2236.0 3052.0 3081.0 0.0 0.0 2236.0 3052.0 3159.0 1.0 
240000.0 2.0 1.0 1.0 1.0 0.0 0.0 0.0 0.0 0.0 0.0 222.0 1900.0 0.0 0.0 5435.0 222.0 1900.0 0.0 0.0 5435.0 7000.0 1.0 
110000.0 1.0 1.0 1.0 2.0 0.0 0.0 3.0 2.0 2.0 54404.0 57503.0 66128.0 64477.0 65413.0 66520.0 4000.0 9600.0 0.0 2600.0 2300.0 3000.0 1.0 
60000.0 2.0 1.0 2.0 1.0 2.0 0.0 0.0 0.0 0.0 59866.0 58114.0 25127.0 21111.0 15892.0 16762.0 0.0 3761.0 1600.0 881.0 900.0 852.0 1.0 
20000.0 1.0 1.0 2.0 8.0 7.0 6.0 5.0 4.0 3.0 20753.0 20496.0 19930.0 19434.0 18577.0 18011.0 0.0 0.0 70.0 0.0 0.0 0.0 1.0 
50000.0 2.0 1.0 1.0 1.0 2.0 0.0 0.0 2.0 0.0 23250.0 22578.0 23611.0 25825.0 25111.0 25708.0 0.0 1397.0 2611.0 0.0 1000.0 1092.0 1.0 
200000.0 1.0 1.0 1.0 1.0 0.0 0.0 0.0 0.0 2.0 -390.0 -390.0 -390.0 -391.0 710.0 321.0 0.0 0.0 0.0 1101.0 1.0 13988.0 1.0 
30000.0 1.0 1.0 2.0 1.0 3.0 2.0 2.0 2.0 2.0 14320.0 13808.0 13289.0 14068.0 14596.0 14212.0 0.0 0.0 1000.0 900.0 0.0 1431.0 1.0 
70000.0 2.0 0.0 1.0 2.0 0.0 0.0 0.0 0.0 0.0 70659.0 61100.0 62497.0 47581.0 48805.0 50018.0 3000.0 3200.0 2000.0 2000.0 2000.0 2000.0 1.0 
30000.0 2.0 1.0 2.0 2.0 0.0 0.0 0.0 0.0 0.0 28510.0 28481.0 28045.0 27259.0 0.0 0.0 2000.0 1200.0 0.0 0.0 0.0 0.0 1.0 
50000.0 2.0 1.0 2.0 1.0 2.0 0.0 0.0 0.0 0.0 49310.0 48210.0 48673.0 33270.0 7689.0 15529.0 0.0 2310.0 1900.0 400.0 8000.0 1000.0 1.0 
280000.0 2.0 1.0 1.0 2.0 2.0 2.0 2.0 2.0 2.0 186149.0 181779.0 192189.0 195517.0 199250.0 195874.0 0.0 15000.0 8000.0 7000.0 0.0 15000.0 1.0 
200000.0 2.0 1.0 2.0 1.0 2.0 0.0 0.0 0.0 0.0 226365.0 214261.0 210315.0 206563.0 202896.0 173111.0 0.0 8000.0 9000.0 8000.0 7000.0 7200.0 1.0 
30000.0 2.0 1.0 1.0 1.0 0.0 0.0 0.0 0.0 0.0 0.0 0.0 12403.0 17849.0 4935.0 6491.0 0.0 12403.0 8359.0 4935.0 3000.0 1000.0 0.0 
110000.0 2.0 1.0 2.0 2.0 0.0 0.0 0.0 0.0 0.0 99876.0 72548.0 74379.0 75878.0 78503.0 80451.0 3000.0 3000.0 3000.0 3500.0 3000.0 3000.0 1.0 
30000.0 1.0 1.0 1.0 1.0 2.0 2.0 2.0 3.0 2.0 25829.0 25121.0 27988.0 30515.0 29738.0 29126.0 0.0 3600.0 3300.0 0.0 0.0 1100.0 1.0 
30000.0 1.0 1.0 1.0 1.0 2.0 0.0 0.0 0.0 2.0 24305.0 23621.0 24346.0 25359.0 26987.0 26416.0 0.0 1410.0 1423.0 2051.0 0.0 2000.0 1.0 
70000.0 2.0 1.0 2.0 2.0 0.0 0.0 0.0 0.0 0.0 67955.0 58404.0 50036.0 36908.0 29439.0 19494.0 3007.0 1794.0 2000.0 967.0 1000.0 870.0 1.0 
50000.0 2.0 1.0 2.0 2.0 0.0 0.0 0.0 0.0 0.0 38947.0 37799.0 3.0 18080.0 12227.0 13296.0 2000.0 1000.0 19000.0 12500.0 2000.0 2000.0 1.0 
150000.0 2.0 1.0 1.0 2.0 2.0 2.0 2.0 2.0 2.0 100247.0 109909.0 112453.0 113318.0 114268.0 116688.0 12924.0 5800.0 4200.0 4300.0 4400.0 4700.0 1.0 
20000.0 1.0 0.0 2.0 1.0 2.0 0.0 0.0 0.0 0.0 5653.0 5419.0 6365.0 6608.0 7001.0 7233.0 0.0 1200.0 350.0 500.0 500.0 300.0 1.0 
150000.0 2.0 1.0 1.0 1.0 0.0 0.0 0.0 0.0 0.0 0.0 0.0 0.0 11068.0 0.0 189.0 0.0 0.0 11068.0 0.0 189.0 3307.0 1.0 
470000.0 1.0 0.0 2.0 2.0 2.0 0.0 0.0 0.0 0.0 519901.0 499024.0 494290.0 470617.0 398523.0 389927.0 0.0 20600.0 19000.0 14000.0 13600.0 13600.0 1.0 
90000.0 2.0 1.0 2.0 1.0 2.0 0.0 0.0 0.0 2.0 88093.0 85730.0 54727.0 55506.0 58529.0 57157.0 0.0 1984.0 2004.0 4251.0 0.0 2083.0 1.0 
90000.0 2.0 0.0 1.0 1.0 2.0 2.0 3.0 2.0 2.0 78976.0 84566.0 89609.0 87282.0 88261.0 90029.0 7500.0 7300.0 0.0 3300.0 3300.0 0.0 1.0 
110000.0 1.0 1.0 1.0 1.0 0.0 0.0 0.0 0.0 0.0 0.0 0.0 2066.0 2000.0 216.0 216.0 0.0 2066.0 0.0 216.0 216.0 66.0 1.0 
30000.0 1.0 1.0 2.0 4.0 3.0 2.0 2.0 2.0 2.0 22303.0 21657.0 21022.0 23661.0 22983.0 25607.0 0.0 0.0 3000.0 0.0 3000.0 0.0 1.0 
20000.0 2.0 1.0 2.0 2.0 0.0 0.0 0.0 3.0 2.0 6643.0 7872.0 9077.0 10989.0 10529.0 10213.0 1500.0 1500.0 2225.0 0.0 0.0 202.0 1.0 
140000.0 2.0 1.0 2.0 2.0 0.0 0.0 0.0 0.0 0.0 130104.0 131356.0 136107.0 128738.0 126491.0 125213.0 4900.0 7005.0 7000.0 4762.0 5000.0 5000.0 1.0 
100000.0 2.0 1.0 1.0 2.0 2.0 0.0 0.0 0.0 0.0 87851.0 85594.0 87095.0 88357.0 77155.0 80108.0 0.0 3300.0 2839.0 3000.0 4000.0 2000.0 1.0 
320000.0 1.0 1.0 2.0 1.0 0.0 0.0 0.0 0.0 0.0 0.0 0.0 0.0 0.0 0.0 0.0 0.0 0.0 0.0 0.0 0.0 0.0 1.0 
70000.0 2.0 1.0 2.0 2.0 2.0 2.0 2.0 0.0 0.0 69242.0 71007.0 72596.0 70467.0 48129.0 47751.0 3500.0 3300.0 0.0 2000.0 2000.0 2000.0 0.0 
80000.0 2.0 1.0 2.0 2.0 2.0 0.0 0.0 2.0 0.0 25248.0 24549.0 26823.0 29157.0 28389.0 29036.0 0.0 3000.0 2780.0 0.0 1100.0 1500.0 1.0 
20000.0 1.0 0.0 2.0 2.0 0.0 0.0 0.0 0.0 0.0 14081.0 15835.0 16985.0 19985.0 9421.0 9764.0 2000.0 2000.0 3000.0 1000.0 500.0 1000.0 1.0 
50000.0 1.0 0.0 1.0 1.0 5.0 4.0 3.0 2.0 0.0 51106.0 50059.0 48988.0 47917.0 47020.0 48027.0 0.0 0.0 0.0 0.0 1943.0 1727.0 1.0 
20000.0 1.0 0.0 2.0 3.0 3.0 2.0 0.0 0.0 0.0 21667.0 21081.0 19661.0 26158.0 13560.0 15324.0 0.0 25.0 2000.0 1000.0 2000.0 1000.0 1.0 
30000.0 1.0 1.0 1.0 1.0 0.0 0.0 0.0 0.0 0.0 0.0 2281.0 3666.0 2713.0 0.0 0.0 2281.0 3666.0 2713.0 0.0 0.0 0.0 1.0 
20000.0 1.0 1.0 2.0 1.0 0.0 0.0 0.0 0.0 0.0 0.0 0.0 0.0 0.0 0.0 1273.0 0.0 0.0 0.0 0.0 1273.0 0.0 1.0 
30000.0 1.0 0.0 1.0 1.0 2.0 2.0 2.0 0.0 0.0 19397.0 18659.0 22544.0 21889.0 22721.0 23401.0 1500.0 4500.0 0.0 1500.0 1200.0 2000.0 1.0 
60000.0 2.0 1.0 2.0 2.0 2.0 0.0 0.0 0.0 0.0 2516.0 0.0 0.0 0.0 1524.0 25421.0 0.0 0.0 0.0 1524.0 25421.0 1000.0 1.0 
20000.0 1.0 1.0 2.0 1.0 2.0 0.0 0.0 0.0 2.0 16981.0 16424.0 17242.0 18448.0 19495.0 20026.0 0.0 1400.0 1500.0 1500.0 1000.0 0.0 1.0 
300000.0 1.0 1.0 2.0 1.0 0.0 0.0 0.0 0.0 0.0 0.0 0.0 0.0 0.0 0.0 0.0 0.0 0.0 0.0 0.0 0.0 0.0 1.0 
250000.0 2.0 1.0 2.0 1.0 2.0 0.0 0.0 0.0 0.0 59878.0 58348.0 59530.0 60668.0 59786.0 130890.0 0.0 2150.0 2116.0 65.0 72460.0 5000.0 1.0 
170000.0 2.0 0.0 1.0 1.0 2.0 0.0 0.0 0.0 0.0 179399.0 41265.0 20619.0 19520.0 5200.0 0.0 0.0 2000.0 1136.0 1000.0 0.0 36679.0 1.0 
50000.0 1.0 1.0 1.0 1.0 2.0 0.0 0.0 0.0 0.0 49436.0 48342.0 49140.0 49451.0 20921.0 20058.0 0.0 2065.0 1376.0 701.0 705.0 706.0 1.0 
80000.0 1.0 1.0 2.0 1.0 0.0 0.0 0.0 2.0 2.0 -1461.0 -1461.0 -1458.0 16950.0 16475.0 19284.0 0.0 3.0 18950.0 0.0 5889.0 0.0 1.0 
70000.0 2.0 1.0 1.0 1.0 2.0 2.0 2.0 2.0 0.0 41730.0 40764.0 46281.0 47026.0 45971.0 47573.0 0.0 6500.0 1800.0 0.0 2500.0 2000.0 0.0 
180000.0 1.0 1.0 1.0 2.0 2.0 2.0 2.0 2.0 2.0 114140.0 115764.0 117426.0 119000.0 120528.0 123451.0 5000.0 5000.0 5000.0 5000.0 5000.0 0.0 1.0 
150000.0 2.0 1.0 1.0 1.0 2.0 2.0 0.0 0.0 0.0 108784.0 110405.0 106317.0 30906.0 31457.0 32134.0 4800.0 0.0 1240.0 1200.0 1200.0 1300.0 1.0 
120000.0 2.0 1.0 1.0 1.0 0.0 0.0 0.0 0.0 0.0 0.0 0.0 4050.0 4050.0 0.0 0.0 0.0 4051.0 0.0 0.0 7.0 7.0 1.0 
30000.0 1.0 1.0 2.0 2.0 2.0 3.0 3.0 3.0 3.0 1050.0 1050.0 1050.0 1050.0 1050.0 1050.0 0.0 0.0 0.0 0.0 0.0 0.0 1.0 
410000.0 1.0 1.0 1.0 2.0 2.0 2.0 2.0 2.0 0.0 71532.0 73643.0 72083.0 76603.0 74964.0 76370.0 3700.0 0.0 6147.0 0.0 2577.0 2747.0 1.0 
50000.0 2.0 0.0 2.0 2.0 2.0 2.0 2.0 2.0 2.0 40985.0 42115.0 41164.0 43658.0 44644.0 43798.0 2100.0 0.0 3500.0 2000.0 0.0 2000.0 1.0 
30000.0 2.0 0.0 1.0 2.0 0.0 0.0 0.0 0.0 0.0 28852.0 29777.0 29478.0 30290.0 27803.0 25762.0 1700.0 1700.0 1500.0 1500.0 1500.0 1500.0 1.0 
200000.0 1.0 1.0 1.0 1.0 2.0 0.0 0.0 0.0 0.0 204441.0 198879.0 202466.0 168015.0 169799.0 171981.0 0.0 8555.0 10000.0 6500.0 7103.0 6000.0 1.0 
30000.0 2.0 1.0 2.0 3.0 2.0 2.0 2.0 2.0 0.0 29078.0 28312.0 29733.0 29183.0 28082.0 27434.0 0.0 1900.0 2600.0 11.0 1500.0 1700.0 1.0 
100000.0 1.0 0.0 1.0 2.0 0.0 0.0 2.0 0.0 0.0 8674.0 10520.0 13337.0 12829.0 15446.0 17178.0 2000.0 3000.0 0.0 3000.0 2000.0 2000.0 1.0 
360000.0 2.0 1.0 2.0 2.0 2.0 2.0 0.0 0.0 0.0 360023.0 363239.0 350214.0 319960.0 260944.0 202686.0 14693.0 30.0 12302.0 10004.0 7506.0 19721.0 1.0 
80000.0 2.0 1.0 2.0 3.0 2.0 2.0 2.0 2.0 2.0 45031.0 47087.0 48833.0 47750.0 50950.0 51984.0 3100.0 2800.0 0.0 4000.0 2000.0 2000.0 1.0 
200000.0 2.0 1.0 1.0 1.0 0.0 0.0 0.0 0.0 0.0 -40.0 -40.0 -40.0 -40.0 -40.0 -40.0 0.0 0.0 0.0 0.0 0.0 0.0 1.0 
30000.0 2.0 1.0 2.0 2.0 2.0 2.0 2.0 2.0 2.0 15089.0 16039.0 17080.0 17302.0 17521.0 17893.0 1500.0 1600.0 800.0 800.0 800.0 800.0 1.0 
50000.0 1.0 1.0 2.0 3.0 3.0 2.0 2.0 3.0 4.0 29373.0 28607.0 29843.0 32257.0 35421.0 36265.0 0.0 2000.0 3200.0 4000.0 2000.0 1500.0 1.0 
30000.0 1.0 0.0 2.0 2.0 2.0 2.0 2.0 2.0 2.0 10732.0 20501.0 20831.0 21231.0 20589.0 31018.0 10000.0 1000.0 1000.0 0.0 13000.0 0.0 1.0 
260000.0 2.0 1.0 2.0 2.0 2.0 2.0 0.0 0.0 0.0 258150.0 265961.0 258903.0 131150.0 214180.0 153755.0 20485.0 27.0 2914.0 159658.0 5592.0 5837.0 1.0 
160000.0 2.0 1.0 2.0 1.0 0.0 0.0 0.0 0.0 0.0 0.0 0.0 0.0 0.0 0.0 300.0 0.0 0.0 0.0 0.0 300.0 0.0 1.0 
80000.0 2.0 1.0 1.0 1.0 2.0 2.0 2.0 0.0 0.0 69942.0 68219.0 75688.0 73563.0 43255.0 35852.0 0.0 8600.0 0.0 1600.0 1300.0 1300.0 1.0 
60000.0 2.0 1.0 2.0 2.0 2.0 2.0 2.0 0.0 0.0 57880.0 56355.0 59327.0 35305.0 17655.0 77775.0 0.0 4058.0 34.0 3000.0 40793.0 4952.0 1.0 
200000.0 2.0 1.0 1.0 1.0 3.0 2.0 2.0 2.0 2.0 183994.0 182427.0 182657.0 174547.0 181454.0 177141.0 5200.0 7000.0 0.0 13300.0 0.0 6200.0 1.0 
190000.0 1.0 1.0 1.0 2.0 2.0 2.0 2.0 2.0 2.0 69518.0 71443.0 72413.0 73366.0 74830.0 76237.0 3500.0 2600.0 2600.0 2650.0 2650.0 3000.0 1.0 
240000.0 2.0 1.0 1.0 1.0 0.0 0.0 0.0 0.0 0.0 0.0 0.0 0.0 0.0 0.0 0.0 0.0 100000.0 0.0 0.0 0.0 0.0 1.0 
70000.0 2.0 0.0 1.0 2.0 0.0 0.0 0.0 0.0 0.0 254.0 2746.0 1885.0 2216.0 1348.0 29873.0 6840.0 1885.0 2216.0 1348.0 29873.0 1000.0 1.0 
20000.0 1.0 1.0 2.0 2.0 2.0 2.0 0.0 0.0 0.0 7130.0 9455.0 9159.0 10000.0 0.0 0.0 2455.0 0.0 1000.0 0.0 0.0 0.0 1.0 
360000.0 1.0 1.0 1.0 1.0 0.0 0.0 0.0 0.0 0.0 0.0 0.0 8209.0 -41.0 -41.0 -41.0 0.0 8209.0 0.0 0.0 0.0 0.0 1.0 
230000.0 2.0 1.0 2.0 3.0 2.0 2.0 0.0 0.0 0.0 1090.0 490.0 0.0 878.0 0.0 0.0 0.0 0.0 878.0 0.0 0.0 0.0 1.0 
80000.0 2.0 1.0 2.0 1.0 0.0 0.0 0.0 0.0 0.0 0.0 0.0 0.0 0.0 0.0 0.0 0.0 0.0 0.0 0.0 0.0 0.0 1.0 
190000.0 1.0 1.0 1.0 2.0 2.0 0.0 0.0 0.0 0.0 127370.0 117487.0 117568.0 103011.0 101336.0 91215.0 0.0 6000.0 5000.0 3300.0 5000.0 4000.0 1.0 
80000.0 2.0 1.0 2.0 2.0 2.0 2.0 2.0 2.0 2.0 41355.0 40395.0 43231.0 42236.0 44924.0 44072.0 0.0 3800.0 0.0 3400.0 0.0 3816.0 1.0 
30000.0 1.0 1.0 2.0 1.0 2.0 2.0 3.0 2.0 0.0 20985.0 20393.0 20399.0 19945.0 19645.0 11229.0 0.0 2403.0 0.0 0.0 2000.0 0.0 0.0 
170000.0 2.0 1.0 1.0 2.0 2.0 2.0 2.0 2.0 2.0 15031.0 16784.0 17711.0 17131.0 18197.0 18748.0 2500.0 1500.0 0.0 1500.0 1000.0 0.0 1.0 
240000.0 2.0 1.0 1.0 1.0 2.0 2.0 2.0 0.0 0.0 6900.0 6641.0 10495.0 2813.0 3805.0 5730.0 0.0 4000.0 1000.0 1200.0 2000.0 0.0 1.0 
100000.0 2.0 1.0 1.0 1.0 2.0 2.0 2.0 0.0 0.0 79695.0 77855.0 83945.0 81702.0 83232.0 84947.0 0.0 7400.0 0.0 3000.0 3100.0 3400.0 1.0 
10000.0 1.0 0.0 1.0 2.0 2.0 0.0 0.0 2.0 0.0 9013.0 8714.0 9121.0 9926.0 8898.0 7667.0 0.0 1200.0 1500.0 0.0 1000.0 3000.0 1.0 
600000.0 1.0 1.0 1.0 2.0 2.0 2.0 0.0 0.0 0.0 458652.0 467150.0 458862.0 469703.0 447130.0 440982.0 17000.0 0.0 18000.0 16000.0 16000.0 21000.0 1.0 
90000.0 2.0 0.0 1.0 2.0 2.0 2.0 0.0 0.0 0.0 92454.0 94156.0 91710.0 79884.0 49810.0 51012.0 4100.0 0.0 3424.0 1790.0 2012.0 1814.0 1.0 
80000.0 1.0 0.0 2.0 1.0 0.0 0.0 0.0 0.0 0.0 0.0 0.0 0.0 0.0 0.0 0.0 0.0 0.0 0.0 0.0 0.0 0.0 1.0 
80000.0 2.0 1.0 1.0 1.0 0.0 0.0 0.0 0.0 0.0 0.0 0.0 0.0 0.0 0.0 650.0 0.0 0.0 0.0 0.0 650.0 0.0 1.0 
50000.0 1.0 1.0 2.0 1.0 2.0 2.0 0.0 0.0 0.0 48793.0 50194.0 49101.0 47549.0 48817.0 45928.0 2500.0 0.0 1800.0 2000.0 2000.0 2000.0 1.0 
150000.0 2.0 1.0 1.0 1.0 2.0 2.0 0.0 0.0 2.0 27270.0 24600.0 0.0 10195.0 24232.0 22000.0 0.0 0.0 10195.0 24232.0 0.0 0.0 1.0 
50000.0 1.0 0.0 1.0 3.0 2.0 2.0 0.0 0.0 0.0 30411.0 31130.0 30308.0 28902.0 29215.0 28963.0 1500.0 0.0 1016.0 1046.0 1129.0 869.0 1.0 
20000.0 2.0 1.0 1.0 3.0 3.0 2.0 0.0 0.0 0.0 10145.0 9836.0 10525.0 18930.0 19320.0 19861.0 0.0 1000.0 9000.0 1000.0 1000.0 400.0 1.0 
40000.0 1.0 0.0 1.0 1.0 2.0 0.0 0.0 0.0 0.0 35879.0 34625.0 36757.0 20650.0 0.0 0.0 0.0 3078.0 21650.0 0.0 0.0 0.0 1.0 
20000.0 2.0 1.0 2.0 1.0 2.0 2.0 0.0 0.0 0.0 15706.0 15757.0 15436.0 16331.0 10229.0 10250.0 1000.0 1000.0 1200.0 900.0 700.0 2300.0 1.0 
200000.0 2.0 0.0 1.0 1.0 2.0 0.0 0.0 0.0 0.0 119432.0 116014.0 119576.0 123551.0 129486.0 133262.0 0.0 5000.0 5000.0 7000.0 5000.0 5000.0 1.0 
440000.0 1.0 0.0 1.0 2.0 0.0 2.0 0.0 0.0 0.0 775.0 1550.0 775.0 775.0 925.0 775.0 1551.0 1.0 776.0 926.0 776.0 776.0 1.0 
130000.0 1.0 1.0 1.0 2.0 2.0 0.0 0.0 0.0 0.0 131635.0 126548.0 127748.0 100291.0 93552.0 95521.0 0.0 5100.0 4100.0 3392.0 3521.0 3724.0 1.0 
320000.0 2.0 1.0 1.0 1.0 0.0 0.0 0.0 0.0 0.0 0.0 0.0 0.0 0.0 0.0 0.0 0.0 0.0 0.0 0.0 0.0 0.0 1.0 
80000.0 2.0 1.0 1.0 2.0 2.0 0.0 0.0 0.0 2.0 70381.0 68660.0 70081.0 70899.0 75331.0 74005.0 0.0 3126.0 2578.0 5616.0 0.0 3000.0 1.0 
40000.0 1.0 1.0 1.0 2.0 2.0 2.0 3.0 2.0 3.0 27324.0 30108.0 32515.0 31698.0 33581.0 32772.0 3573.0 3206.0 0.0 2700.0 0.0 0.0 1.0 
120000.0 1.0 0.0 2.0 4.0 3.0 2.0 0.0 0.0 0.0 149229.0 138487.0 127516.0 124530.0 120937.0 67711.0 0.0 0.0 6000.0 5067.0 1548.0 120862.0 1.0 
100000.0 1.0 1.0 2.0 1.0 2.0 2.0 2.0 3.0 2.0 24377.0 25167.0 24541.0 27304.0 26669.0 26172.0 1400.0 0.0 3100.0 0.0 0.0 2000.0 1.0 
50000.0 1.0 1.0 2.0 1.0 2.0 0.0 0.0 0.0 0.0 28731.0 27985.0 29000.0 29731.0 30400.0 33427.0 0.0 1482.0 1213.0 1300.0 3703.0 0.0 1.0 
50000.0 1.0 0.0 1.0 2.0 2.0 2.0 0.0 0.0 0.0 39892.0 42704.0 34909.0 33528.0 16205.0 16593.0 3600.0 5.0 1309.0 800.0 800.0 750.0 1.0 
20000.0 1.0 1.0 2.0 2.0 0.0 0.0 0.0 2.0 2.0 6078.0 7015.0 8036.0 9597.0 9294.0 10242.0 1200.0 1140.0 1700.0 0.0 1100.0 0.0 1.0 
360000.0 2.0 1.0 1.0 2.0 0.0 0.0 0.0 0.0 0.0 353176.0 353782.0 303494.0 260113.0 263229.0 268446.0 13869.0 11644.0 12307.0 9474.0 9662.0 9794.0 1.0 
70000.0 2.0 0.0 1.0 2.0 2.0 2.0 2.0 2.0 2.0 55352.0 56448.0 57550.0 58008.0 58957.0 60367.0 2600.0 2600.0 2000.0 2500.0 2500.0 2400.0 1.0 
50000.0 1.0 0.0 1.0 2.0 2.0 3.0 2.0 2.0 2.0 38023.0 39589.0 40160.0 40796.0 41526.0 42209.0 2500.0 1500.0 1600.0 1700.0 1500.0 3600.0 1.0 
360000.0 1.0 1.0 1.0 3.0 2.0 2.0 0.0 0.0 0.0 245135.0 244583.0 156843.0 63861.0 64437.0 8844.0 8000.0 0.0 2700.0 3000.0 1000.0 1072.0 1.0 
400000.0 1.0 1.0 2.0 2.0 2.0 2.0 2.0 2.0 2.0 49354.0 50747.0 49666.0 52727.0 51286.0 55077.0 2500.0 0.0 4500.0 0.0 4800.0 1600.0 1.0 
120000.0 2.0 1.0 2.0 1.0 2.0 2.0 0.0 0.0 0.0 3730.0 5006.0 4782.0 6041.0 6784.0 6826.0 1500.0 0.0 1500.0 1000.0 300.0 406.0 1.0 
30000.0 2.0 1.0 2.0 1.0 2.0 2.0 2.0 2.0 0.0 16704.0 18121.0 19030.0 19424.0 18818.0 23307.0 2000.0 1500.0 1000.0 0.0 5000.0 2000.0 1.0 
200000.0 1.0 1.0 2.0 1.0 0.0 0.0 0.0 0.0 0.0 0.0 0.0 50307.0 28281.0 42163.0 0.0 0.0 50307.0 28281.0 42163.0 5040.0 3036.0 1.0 
30000.0 1.0 1.0 2.0 5.0 4.0 3.0 2.0 3.0 2.0 26551.0 25855.0 25146.0 26549.0 25849.0 25285.0 0.0 0.0 2113.0 0.0 0.0 2191.0 1.0 
200000.0 2.0 1.0 2.0 2.0 2.0 2.0 2.0 2.0 2.0 71817.0 73376.0 71672.0 76004.0 74225.0 78193.0 3300.0 0.0 6100.0 0.0 5300.0 3500.0 1.0 
50000.0 2.0 1.0 2.0 2.0 2.0 2.0 2.0 2.0 2.0 30715.0 29923.0 32700.0 28768.0 29639.0 28629.0 0.0 3304.0 4.0 2230.0 0.0 2009.0 1.0 
30000.0 1.0 1.0 2.0 1.0 2.0 2.0 2.0 2.0 2.0 25264.0 24560.0 29128.0 29845.0 30257.0 30779.0 0.0 5000.0 1500.0 1200.0 1300.0 0.0 1.0 
130000.0 2.0 1.0 2.0 2.0 2.0 0.0 0.0 0.0 0.0 138910.0 119948.0 135259.0 95956.0 97770.0 92206.0 0.0 18259.0 3456.0 3770.0 3706.0 3708.0 1.0 
200000.0 1.0 1.0 1.0 2.0 2.0 0.0 0.0 0.0 0.0 208012.0 199367.0 202668.0 111486.0 118951.0 89077.0 0.0 8756.0 5003.0 10053.0 10066.0 10027.0 1.0 
40000.0 2.0 1.0 2.0 1.0 3.0 2.0 2.0 0.0 0.0 24171.0 23498.0 24235.0 23557.0 24025.0 24528.0 0.0 1400.0 0.0 850.0 880.0 884.0 1.0 
60000.0 2.0 1.0 2.0 2.0 2.0 2.0 2.0 2.0 3.0 37356.0 41624.0 40655.0 43974.0 46625.0 45590.0 5200.0 0.0 4000.0 3500.0 0.0 0.0 1.0 
20000.0 1.0 1.0 2.0 1.0 2.0 2.0 2.0 2.0 0.0 16332.0 18111.0 18325.0 18391.0 14235.0 18955.0 2500.0 1000.0 600.0 0.0 5000.0 1300.0 1.0 
40000.0 1.0 0.0 2.0 2.0 0.0 0.0 0.0 0.0 0.0 34470.0 31226.0 30321.0 30124.0 33614.0 35665.0 2000.0 3000.0 3000.0 4000.0 3000.0 2000.0 1.0 
120000.0 2.0 0.0 2.0 2.0 0.0 0.0 2.0 0.0 0.0 66963.0 68780.0 70830.0 71557.0 73052.0 74502.0 3500.0 3800.0 2500.0 2804.0 2820.0 3000.0 1.0 
30000.0 2.0 1.0 2.0 2.0 2.0 0.0 0.0 0.0 0.0 23905.0 23244.0 23578.0 25871.0 26143.0 26724.0 0.0 2000.0 3000.0 1000.0 1000.0 3500.0 1.0 
30000.0 2.0 1.0 1.0 2.0 2.0 3.0 3.0 2.0 2.0 27975.0 29906.0 30604.0 29834.0 29936.0 29862.0 2700.0 1500.0 0.0 1100.0 1000.0 0.0 1.0 
70000.0 2.0 1.0 2.0 2.0 0.0 0.0 0.0 0.0 0.0 34640.0 35757.0 37175.0 38254.0 39017.0 39834.0 2000.0 2000.0 1700.0 1400.0 1446.0 1500.0 1.0 
20000.0 1.0 1.0 1.0 2.0 0.0 0.0 2.0 0.0 0.0 11573.0 12372.0 14946.0 14409.0 16659.0 17887.0 1300.0 2787.0 0.0 2500.0 1500.0 0.0 1.0 
60000.0 2.0 1.0 1.0 2.0 2.0 2.0 2.0 2.0 2.0 20524.0 21584.0 22437.0 22771.0 23099.0 23583.0 1700.0 1500.0 1000.0 1000.0 1000.0 0.0 1.0 
30000.0 2.0 0.0 1.0 1.0 2.0 2.0 2.0 2.0 0.0 28084.0 29299.0 28741.0 30467.0 29858.0 28898.0 1950.0 200.0 2492.0 0.0 580.0 0.0 1.0 
60000.0 2.0 1.0 2.0 2.0 2.0 2.0 2.0 2.0 0.0 56685.0 55208.0 59175.0 60218.0 55447.0 55305.0 0.0 5000.0 2511.0 6.0 3000.0 3000.0 1.0 
90000.0 1.0 0.0 2.0 1.0 3.0 2.0 2.0 2.0 2.0 25179.0 24496.0 23325.0 24336.0 24817.0 25338.0 0.0 0.0 1405.0 886.0 919.0 1104.0 1.0 
20000.0 2.0 1.0 2.0 2.0 2.0 2.0 2.0 2.0 2.0 15522.0 18442.0 17862.0 19756.0 19143.0 21671.0 3186.0 0.0 2500.0 0.0 3000.0 0.0 1.0 
60000.0 2.0 1.0 2.0 1.0 2.0 2.0 2.0 2.0 2.0 5087.0 7236.0 8104.0 7825.0 8580.0 8300.0 2410.0 1131.0 0.0 886.0 0.0 332.0 1.0 
200000.0 2.0 1.0 1.0 1.0 2.0 2.0 0.0 0.0 2.0 93215.0 95336.0 93114.0 94239.0 99428.0 101843.0 4300.0 0.0 3365.0 6700.0 4000.0 3500.0 1.0 
10000.0 1.0 0.0 2.0 2.0 2.0 3.0 3.0 3.0 3.0 1050.0 1050.0 1050.0 1050.0 1050.0 1050.0 0.0 0.0 0.0 0.0 0.0 0.0 1.0 
20000.0 2.0 1.0 2.0 2.0 2.0 2.0 2.0 2.0 2.0 9317.0 18576.0 18219.0 17095.0 19748.0 18722.0 10000.0 800.0 0.0 3500.0 0.0 1000.0 1.0 
30000.0 1.0 1.0 1.0 1.0 2.0 2.0 0.0 0.0 2.0 14286.0 15304.0 14766.0 14763.0 16662.0 16247.0 1542.0 0.0 539.0 2148.0 0.0 724.0 1.0 
300000.0 2.0 0.0 2.0 1.0 3.0 2.0 0.0 0.0 0.0 -2.0 779.0 390.0 769.0 772.0 1722.0 781.0 1.0 769.0 3.0 1730.0 0.0 1.0 
230000.0 2.0 1.0 2.0 2.0 2.0 2.0 2.0 2.0 3.0 206245.0 215936.0 221001.0 220886.0 239299.0 237297.0 13126.0 10000.0 5000.0 23700.0 2000.0 3.0 1.0 
100000.0 2.0 1.0 1.0 1.0 2.0 0.0 0.0 0.0 2.0 103307.0 97590.0 99560.0 95952.0 98744.0 97896.0 0.0 4700.0 4400.0 6000.0 2000.0 4000.0 1.0 
200000.0 2.0 1.0 2.0 1.0 0.0 0.0 0.0 0.0 0.0 0.0 0.0 0.0 0.0 0.0 0.0 0.0 0.0 0.0 0.0 0.0 246.0 1.0 
150000.0 1.0 1.0 1.0 3.0 2.0 2.0 0.0 0.0 2.0 111056.0 113467.0 110235.0 111376.0 154802.0 152304.0 5700.0 0.0 4500.0 45500.0 0.0 5400.0 1.0 
100000.0 2.0 1.0 1.0 3.0 4.0 4.0 4.0 4.0 3.0 98094.0 101614.0 101072.0 105252.0 102742.0 100884.0 6000.0 1900.0 6686.0 0.0 0.0 0.0 1.0 
20000.0 2.0 1.0 1.0 4.0 3.0 2.0 3.0 2.0 0.0 15833.0 15286.0 17021.0 16461.0 15901.0 16294.0 0.0 2277.0 0.0 0.0 800.0 1400.0 1.0 
30000.0 2.0 1.0 2.0 2.0 0.0 0.0 2.0 0.0 0.0 23243.0 24394.0 25693.0 25760.0 165.0 0.0 1704.0 2168.0 1000.0 165.0 0.0 0.0 1.0 
20000.0 2.0 1.0 1.0 1.0 2.0 0.0 0.0 0.0 0.0 19328.0 18711.0 17657.0 20000.0 0.0 0.0 0.0 1700.0 3000.0 0.0 0.0 0.0 1.0 
200000.0 2.0 1.0 2.0 1.0 0.0 0.0 0.0 0.0 0.0 0.0 0.0 0.0 0.0 0.0 665.0 0.0 0.0 0.0 0.0 665.0 0.0 1.0 
180000.0 2.0 1.0 1.0 2.0 0.0 0.0 0.0 0.0 0.0 183939.0 176737.0 179787.0 181918.0 169664.0 173169.0 8000.0 7900.0 6900.0 6200.0 6700.0 6700.0 1.0 
140000.0 1.0 1.0 1.0 2.0 0.0 0.0 0.0 0.0 0.0 136128.0 98337.0 60627.0 39760.0 40045.0 40865.0 4756.0 3600.0 1500.0 1300.0 1318.0 1307.0 1.0 
50000.0 2.0 0.0 1.0 2.0 2.0 0.0 0.0 0.0 0.0 51243.0 49805.0 50654.0 41776.0 17083.0 9412.0 0.0 2025.0 2062.0 2016.0 1022.0 1388.0 1.0 
60000.0 2.0 0.0 1.0 1.0 0.0 0.0 0.0 0.0 0.0 0.0 724.0 0.0 785.0 0.0 0.0 724.0 0.0 785.0 0.0 0.0 0.0 0.0 
140000.0 2.0 1.0 1.0 2.0 2.0 0.0 0.0 0.0 0.0 90632.0 88637.0 90859.0 92734.0 48461.0 49067.0 0.0 4200.0 4261.0 2182.0 1844.0 1652.0 1.0 
80000.0 2.0 1.0 2.0 2.0 2.0 0.0 0.0 0.0 0.0 53023.0 76708.0 39701.0 41021.0 41525.0 42394.0 0.0 3320.0 1980.0 1484.0 1536.0 1548.0 1.0 
50000.0 2.0 1.0 1.0 2.0 0.0 0.0 2.0 2.0 2.0 37397.0 40292.0 43073.0 44067.0 44955.0 44081.0 3500.0 3452.0 2000.0 1738.0 0.0 4000.0 1.0 
60000.0 1.0 1.0 2.0 1.0 2.0 2.0 2.0 2.0 2.0 10401.0 11770.0 10957.0 11480.0 10851.0 11365.0 2000.0 0.0 1000.0 0.0 1000.0 0.0 1.0 
80000.0 2.0 0.0 1.0 2.0 2.0 2.0 3.0 3.0 2.0 66852.0 68152.0 71459.0 73690.0 71908.0 76294.0 3000.0 5000.0 4000.0 0.0 5700.0 0.0 1.0 
140000.0 2.0 1.0 2.0 1.0 2.0 2.0 3.0 2.0 2.0 118013.0 123630.0 128308.0 125776.0 123659.0 131290.0 9044.0 8200.0 1000.0 0.0 9874.0 0.0 0.0 
240000.0 2.0 1.0 1.0 2.0 2.0 0.0 0.0 0.0 0.0 2500.0 0.0 0.0 0.0 0.0 0.0 0.0 0.0 0.0 0.0 0.0 0.0 1.0 
30000.0 2.0 1.0 2.0 1.0 2.0 0.0 0.0 2.0 3.0 27254.0 26531.0 27857.0 29685.0 31260.0 30468.0 0.0 1772.0 2600.0 2200.0 0.0 0.0 1.0 
30000.0 2.0 0.0 1.0 2.0 2.0 2.0 2.0 2.0 2.0 20652.0 24993.0 24293.0 25896.0 26435.0 25859.0 4700.0 0.0 2010.0 1100.0 0.0 2100.0 0.0 
50000.0 2.0 0.0 2.0 2.0 0.0 0.0 0.0 0.0 0.0 13979.0 11243.0 4396.0 3120.0 1805.0 16820.0 1261.0 1396.0 3125.0 1805.0 16820.0 3000.0 1.0 
150000.0 1.0 1.0 1.0 2.0 2.0 0.0 0.0 0.0 2.0 117485.0 114166.0 116491.0 118839.0 126102.0 123914.0 0.0 4225.0 4282.0 9207.0 0.0 4679.0 1.0 
110000.0 2.0 1.0 2.0 1.0 2.0 0.0 0.0 0.0 2.0 112597.0 107799.0 108464.0 110737.0 114581.0 111219.0 0.0 4000.0 4000.0 8500.0 0.0 4000.0 1.0 
200000.0 2.0 0.0 1.0 2.0 0.0 0.0 0.0 0.0 0.0 199802.0 195038.0 129415.0 88682.0 74132.0 71281.0 9231.0 4872.0 2894.0 2637.0 2591.0 2410.0 1.0 
60000.0 1.0 1.0 1.0 1.0 2.0 2.0 2.0 0.0 0.0 16253.0 15695.0 18440.0 17838.0 17417.0 22102.0 0.0 3000.0 0.0 1000.0 5000.0 1000.0 1.0 
30000.0 2.0 0.0 1.0 2.0 2.0 2.0 2.0 0.0 0.0 29468.0 29688.0 28919.0 28000.0 13393.0 10539.0 1000.0 159.0 28426.0 24682.0 12.0 0.0 1.0 
30000.0 2.0 1.0 2.0 2.0 2.0 0.0 0.0 0.0 0.0 25368.0 24662.0 26001.0 27012.0 27241.0 27812.0 0.0 1739.0 1750.0 975.0 1010.0 3226.0 1.0 
70000.0 2.0 1.0 2.0 2.0 0.0 0.0 0.0 0.0 0.0 66087.0 67510.0 69007.0 61845.0 60184.0 66801.0 3120.0 3303.0 2800.0 2200.0 7600.0 0.0 1.0 
60000.0 2.0 0.0 1.0 1.0 2.0 2.0 2.0 0.0 0.0 57285.0 61118.0 61947.0 60353.0 4980.0 2160.0 5336.0 2550.0 16.0 0.0 0.0 0.0 1.0 
50000.0 2.0 0.0 2.0 2.0 2.0 2.0 0.0 0.0 0.0 26411.0 28902.0 28139.0 28697.0 35084.0 29983.0 3231.0 0.0 1026.0 1063.0 1397.0 6212.0 1.0 
100000.0 2.0 1.0 1.0 1.0 2.0 2.0 0.0 0.0 0.0 4535.0 3546.0 -2106.0 8538.0 390.0 150.0 0.0 0.0 10644.0 0.0 150.0 780.0 1.0 
100000.0 2.0 0.0 1.0 2.0 2.0 2.0 2.0 2.0 2.0 50485.0 51582.0 52141.0 52691.0 54199.0 53176.0 2200.0 2000.0 2000.0 2500.0 0.0 4500.0 1.0 
360000.0 2.0 1.0 1.0 2.0 2.0 2.0 2.0 0.0 0.0 108399.0 105167.0 115468.0 112157.0 114690.0 117845.0 0.0 12000.0 0.0 5900.0 5000.0 4500.0 1.0 
100000.0 2.0 1.0 2.0 1.0 2.0 0.0 0.0 0.0 0.0 74001.0 72222.0 73859.0 75427.0 76587.0 78711.0 0.0 3400.0 3400.0 3000.0 3500.0 3200.0 1.0 
140000.0 2.0 1.0 1.0 2.0 2.0 2.0 2.0 2.0 2.0 68859.0 70428.0 71902.0 72924.0 72335.0 75508.0 3300.0 3200.0 2800.0 1200.0 4500.0 3000.0 1.0 
20000.0 1.0 0.0 1.0 1.0 3.0 2.0 2.0 0.0 0.0 18838.0 18243.0 18849.0 17724.0 17524.0 0.0 0.0 1200.0 0.0 0.0 0.0 0.0 1.0 
70000.0 2.0 1.0 1.0 1.0 2.0 0.0 0.0 0.0 0.0 71570.0 68138.0 67682.0 50256.0 43353.0 44219.0 0.0 2705.0 2115.0 1583.0 1597.0 1500.0 1.0 
50000.0 1.0 1.0 2.0 2.0 2.0 2.0 2.0 2.0 2.0 43205.0 46516.0 45468.0 48703.0 50774.0 49514.0 4000.0 0.0 4000.0 3000.0 0.0 3000.0 1.0 
180000.0 2.0 1.0 1.0 2.0 2.0 0.0 0.0 0.0 0.0 1310.0 0.0 0.0 0.0 0.0 1350.0 0.0 0.0 0.0 0.0 1350.0 1210.0 1.0 
30000.0 2.0 1.0 1.0 1.0 0.0 0.0 0.0 0.0 0.0 0.0 0.0 0.0 0.0 0.0 0.0 0.0 0.0 0.0 0.0 0.0 0.0 1.0 
220000.0 1.0 1.0 1.0 2.0 2.0 2.0 0.0 0.0 0.0 165665.0 163494.0 162360.0 134989.0 124915.0 84959.0 2008.0 6000.0 6000.0 4000.0 2852.0 9000.0 1.0 
200000.0 2.0 1.0 2.0 1.0 0.0 0.0 0.0 0.0 0.0 0.0 0.0 0.0 0.0 0.0 0.0 0.0 0.0 0.0 0.0 0.0 0.0 1.0 
300000.0 1.0 1.0 2.0 1.0 0.0 0.0 0.0 0.0 0.0 0.0 0.0 13001.0 12601.0 19595.0 203.0 0.0 13001.0 0.0 19595.0 203.0 0.0 1.0 
200000.0 2.0 1.0 2.0 1.0 2.0 0.0 0.0 2.0 2.0 61844.0 60294.0 63663.0 67596.0 66388.0 71272.0 0.0 5000.0 5000.0 0.0 6000.0 0.0 1.0 
30000.0 2.0 1.0 1.0 2.0 2.0 2.0 0.0 0.0 0.0 7033.0 10431.0 10120.0 11145.0 11368.0 12186.0 3700.0 0.0 1200.0 408.0 1002.0 0.0 1.0 
100000.0 2.0 0.0 1.0 2.0 0.0 0.0 3.0 3.0 2.0 53849.0 55030.0 61574.0 62470.0 61198.0 62524.0 2050.0 7500.0 2500.0 0.0 2500.0 2500.0 1.0 
30000.0 2.0 1.0 2.0 3.0 2.0 2.0 0.0 0.0 0.0 29657.0 30320.0 28991.0 29066.0 29340.0 30786.0 1763.0 0.0 1178.0 1223.0 2435.0 1200.0 1.0 
70000.0 2.0 0.0 1.0 1.0 2.0 0.0 0.0 0.0 0.0 59020.0 57400.0 21868.0 13514.0 14303.0 14211.0 50.0 1379.0 1500.0 1000.0 1000.0 1000.0 1.0 
80000.0 2.0 1.0 1.0 2.0 2.0 2.0 2.0 2.0 2.0 48298.0 49402.0 50416.0 51293.0 50170.0 53391.0 2200.0 2100.0 2000.0 0.0 4200.0 2100.0 1.0 
20000.0 1.0 0.0 2.0 1.0 2.0 0.0 0.0 3.0 2.0 8055.0 7777.0 8805.0 12647.0 12173.0 11855.0 0.0 1158.0 4000.0 0.0 0.0 900.0 1.0 
30000.0 1.0 0.0 1.0 1.0 2.0 2.0 0.0 0.0 0.0 17301.0 18015.0 17437.0 18448.0 18815.0 19210.0 1295.0 0.0 1306.0 673.0 698.0 1547.0 1.0 
20000.0 1.0 1.0 2.0 4.0 5.0 4.0 3.0 2.0 0.0 20014.0 19432.0 18840.0 18248.0 17816.0 18021.0 0.0 0.0 0.0 0.0 636.0 1200.0 1.0 
20000.0 2.0 1.0 1.0 1.0 2.0 2.0 2.0 0.0 0.0 10935.0 11456.0 13169.0 13656.0 14430.0 14200.0 1000.0 1900.0 1000.0 1000.0 0.0 8119.0 1.0 
150000.0 1.0 1.0 2.0 2.0 0.0 0.0 0.0 0.0 0.0 143896.0 147475.0 75423.0 70034.0 44311.0 20056.0 6482.0 3440.0 2046.0 4311.0 5056.0 1169.0 1.0 
20000.0 1.0 1.0 1.0 2.0 0.0 0.0 0.0 0.0 0.0 20745.0 21431.0 19745.0 19943.0 19235.0 19245.0 1373.0 1386.0 1189.0 570.0 589.0 600.0 1.0 
80000.0 1.0 1.0 2.0 2.0 2.0 2.0 2.0 2.0 2.0 67206.0 65537.0 69361.0 67647.0 72524.0 74068.0 0.0 5500.0 0.0 6000.0 3000.0 0.0 1.0 
100000.0 2.0 1.0 2.0 2.0 0.0 0.0 0.0 0.0 0.0 42440.0 43303.0 35304.0 33365.0 29260.0 30073.0 1599.0 2000.0 1500.0 1500.0 1300.0 4000.0 1.0 
370000.0 1.0 1.0 2.0 2.0 0.0 0.0 0.0 0.0 0.0 334394.0 337272.0 340152.0 345904.0 322168.0 272461.0 14005.0 12004.0 12362.0 12006.0 9555.0 11005.0 1.0 
20000.0 1.0 1.0 2.0 1.0 2.0 2.0 4.0 3.0 2.0 17375.0 16799.0 21408.0 20779.0 20170.0 19721.0 0.0 4893.0 0.0 0.0 0.0 1000.0 1.0 
100000.0 2.0 1.0 1.0 2.0 0.0 0.0 0.0 0.0 0.0 155351.0 159591.0 163665.0 170257.0 57747.0 16998.0 105200.0 6035.0 9410.0 1000.0 2000.0 3093.0 1.0 
50000.0 2.0 1.0 1.0 2.0 2.0 2.0 2.0 2.0 2.0 40669.0 43102.0 44313.0 45286.0 44256.0 47549.0 3424.0 2200.0 2000.0 0.0 4000.0 2300.0 1.0 
30000.0 1.0 1.0 2.0 7.0 6.0 5.0 4.0 3.0 2.0 33666.0 32875.0 32101.0 31071.0 30136.0 28496.0 0.0 0.0 0.0 0.0 0.0 1642.0 1.0 
200000.0 2.0 1.0 1.0 1.0 0.0 0.0 0.0 0.0 0.0 0.0 0.0 0.0 0.0 0.0 0.0 0.0 0.0 0.0 0.0 0.0 1433.0 0.0 
360000.0 2.0 1.0 1.0 1.0 0.0 0.0 0.0 0.0 0.0 0.0 0.0 0.0 0.0 0.0 0.0 0.0 0.0 0.0 0.0 0.0 0.0 1.0 
30000.0 2.0 0.0 1.0 2.0 2.0 2.0 2.0 0.0 0.0 33382.0 34547.0 35100.0 32859.0 32041.0 31262.0 2000.0 1500.0 0.0 1112.0 1175.0 2200.0 1.0 
20000.0 2.0 1.0 1.0 4.0 4.0 3.0 2.0 2.0 2.0 28447.0 27721.0 27009.0 27170.0 26295.0 34171.0 0.0 0.0 924.0 0.0 9648.0 2000.0 1.0 
270000.0 1.0 1.0 2.0 4.0 4.0 3.0 2.0 2.0 2.0 237881.0 232799.0 227597.0 230751.0 235931.0 240595.0 0.0 0.0 8400.0 9000.0 8700.0 9000.0 1.0 
70000.0 2.0 0.0 1.0 2.0 2.0 2.0 2.0 2.0 2.0 19954.0 21024.0 21790.0 21142.0 23772.0 24930.0 1700.0 1400.0 0.0 3000.0 1700.0 1340.0 1.0 
70000.0 2.0 1.0 2.0 2.0 2.0 2.0 0.0 0.0 2.0 64913.0 63387.0 58840.0 56431.0 56859.0 54449.0 3000.0 0.0 2000.0 4219.0 1700.0 323.0 1.0 
200000.0 2.0 1.0 2.0 1.0 0.0 2.0 0.0 0.0 0.0 -3258.0 7244.0 3498.0 10494.0 6996.0 3498.0 14000.0 0.0 10494.0 0.0 0.0 16248.0 1.0 
30000.0 2.0 0.0 1.0 2.0 2.0 2.0 0.0 0.0 0.0 18870.0 3222.0 390.0 390.0 390.0 390.0 1906.0 0.0 390.0 390.0 390.0 390.0 1.0 
50000.0 2.0 1.0 2.0 2.0 0.0 0.0 0.0 0.0 0.0 43878.0 42490.0 36540.0 16077.0 12134.0 12389.0 2068.0 2065.0 1246.0 450.0 451.0 475.0 1.0 
20000.0 2.0 1.0 2.0 2.0 2.0 2.0 2.0 2.0 2.0 300.0 300.0 300.0 300.0 300.0 300.0 0.0 0.0 0.0 0.0 0.0 0.0 1.0 
50000.0 1.0 0.0 1.0 2.0 0.0 0.0 0.0 0.0 0.0 71927.0 73514.0 75373.0 50947.0 51020.0 0.0 3000.0 3428.0 2002.0 1023.0 0.0 0.0 1.0 
240000.0 2.0 1.0 1.0 2.0 2.0 2.0 2.0 2.0 2.0 209368.0 204501.0 223137.0 226470.0 229706.0 234889.0 0.0 22000.0 8500.0 8500.0 9000.0 0.0 1.0 
50000.0 1.0 1.0 1.0 1.0 2.0 2.0 0.0 0.0 0.0 50435.0 50936.0 49463.0 50046.0 19858.0 19278.0 2400.0 0.0 2300.0 1000.0 1000.0 1000.0 1.0 
30000.0 2.0 1.0 2.0 1.0 2.0 2.0 2.0 0.0 0.0 17775.0 18688.0 21488.0 20847.0 21162.0 21809.0 1500.0 3433.0 0.0 800.0 1000.0 1000.0 1.0 
290000.0 2.0 1.0 1.0 1.0 2.0 0.0 0.0 0.0 0.0 292907.0 285272.0 288543.0 209443.0 132211.0 133946.0 0.0 14000.0 9000.0 5000.0 5000.0 5000.0 1.0 
100000.0 1.0 1.0 1.0 1.0 2.0 2.0 2.0 2.0 2.0 59121.0 57604.0 62635.0 64994.0 63827.0 67839.0 0.0 6000.0 4000.0 0.0 5100.0 2200.0 1.0 
420000.0 1.0 1.0 2.0 2.0 2.0 0.0 0.0 2.0 0.0 239293.0 90568.0 88997.0 93971.0 92203.0 93059.0 0.0 3500.0 6600.0 0.0 4000.0 3000.0 1.0 
130000.0 2.0 1.0 2.0 2.0 2.0 0.0 0.0 0.0 0.0 73250.0 71473.0 73892.0 74400.0 62134.0 63430.0 0.0 3572.0 2645.0 1813.0 1878.0 2210.0 1.0 
60000.0 1.0 1.0 2.0 2.0 2.0 2.0 2.0 2.0 2.0 60705.0 62352.0 60745.0 58828.0 55606.0 58551.0 3200.0 0.0 4580.0 0.0 4727.0 0.0 1.0 
120000.0 1.0 0.0 1.0 1.0 2.0 2.0 2.0 2.0 2.0 66055.0 67405.0 68405.0 69387.0 70727.0 72215.0 3000.0 2700.0 2700.0 2600.0 2800.0 0.0 1.0 
30000.0 2.0 0.0 1.0 1.0 2.0 0.0 2.0 2.0 0.0 8910.0 7438.0 6242.0 4789.0 3597.0 21234.0 22.0 6245.0 3.0 6.0 30006.0 1221.0 1.0 
130000.0 2.0 1.0 2.0 2.0 2.0 0.0 0.0 0.0 0.0 1022.0 0.0 0.0 0.0 0.0 0.0 0.0 0.0 0.0 0.0 0.0 0.0 1.0 
30000.0 2.0 1.0 2.0 1.0 0.0 0.0 0.0 0.0 0.0 0.0 686.0 405.0 3190.0 2844.0 0.0 686.0 409.0 3190.0 2844.0 0.0 0.0 1.0 
60000.0 1.0 1.0 1.0 2.0 0.0 0.0 0.0 2.0 2.0 30013.0 31226.0 32396.0 34657.0 35456.0 34736.0 2000.0 2000.0 2800.0 1500.0 0.0 1500.0 1.0 
100000.0 2.0 1.0 2.0 3.0 2.0 2.0 2.0 0.0 0.0 100016.0 97562.0 104365.0 101783.0 101603.0 103457.0 0.0 8440.0 0.0 3873.0 7733.0 0.0 1.0 
240000.0 1.0 1.0 1.0 1.0 2.0 2.0 2.0 2.0 2.0 138103.0 134976.0 137251.0 144457.0 147604.0 145071.0 500.0 6000.0 11000.0 5600.0 0.0 11077.0 1.0 
30000.0 1.0 0.0 2.0 1.0 3.0 2.0 0.0 0.0 0.0 31405.0 30588.0 26860.0 21165.0 21281.0 22938.0 0.0 0.0 1646.0 762.0 2000.0 0.0 1.0 
130000.0 2.0 1.0 2.0 2.0 2.0 2.0 2.0 2.0 2.0 2880.0 4446.0 4833.0 4236.0 5178.0 4182.0 2000.0 1000.0 0.0 1000.0 0.0 1500.0 1.0 
230000.0 2.0 1.0 1.0 2.0 2.0 2.0 0.0 0.0 0.0 72514.0 74421.0 71201.0 72029.0 71923.0 72020.0 5118.0 0.0 4000.0 2607.0 2732.0 2482.0 1.0 
50000.0 1.0 0.0 1.0 2.0 0.0 0.0 0.0 0.0 0.0 42166.0 43687.0 44121.0 43360.0 40555.0 31309.0 2200.0 1632.0 1113.0 1336.0 3142.0 2126.0 1.0 
110000.0 2.0 1.0 2.0 3.0 2.0 2.0 4.0 4.0 3.0 600.0 600.0 600.0 600.0 600.0 300.0 0.0 0.0 0.0 0.0 0.0 0.0 1.0 
210000.0 1.0 1.0 2.0 1.0 0.0 0.0 0.0 0.0 3.0 0.0 0.0 0.0 0.0 1290.0 990.0 0.0 0.0 0.0 1290.0 0.0 0.0 1.0 
50000.0 1.0 1.0 1.0 3.0 2.0 2.0 0.0 0.0 0.0 32750.0 33532.0 32597.0 19576.0 19034.0 19525.0 1600.0 7.0 900.0 700.0 800.0 800.0 1.0 
70000.0 2.0 1.0 1.0 1.0 2.0 0.0 0.0 0.0 2.0 7204.0 5326.0 5954.0 1069.0 4711.0 4514.0 0.0 5954.0 0.0 4514.0 0.0 0.0 1.0 
60000.0 1.0 0.0 1.0 1.0 2.0 0.0 0.0 0.0 0.0 36243.0 35369.0 35320.0 0.0 0.0 0.0 0.0 1027.0 0.0 0.0 0.0 0.0 0.0 
310000.0 1.0 1.0 2.0 2.0 0.0 0.0 0.0 0.0 0.0 102064.0 104072.0 105063.0 107113.0 109263.0 120347.0 5030.0 4000.0 3633.0 3671.0 12600.0 0.0 1.0 
240000.0 1.0 1.0 1.0 2.0 0.0 0.0 2.0 2.0 0.0 60511.0 41296.0 2181.0 1175.0 -13.0 2487.0 2300.0 2185.0 4.0 0.0 2500.0 0.0 1.0 
30000.0 1.0 1.0 2.0 2.0 0.0 0.0 0.0 0.0 0.0 27033.0 27772.0 28740.0 29313.0 29019.0 28916.0 1480.0 1448.0 1021.0 1040.0 1216.0 1270.0 1.0 
50000.0 2.0 1.0 1.0 1.0 2.0 0.0 0.0 0.0 2.0 45608.0 44619.0 44856.0 32461.0 49916.0 29117.0 0.0 1600.0 871.0 30347.0 0.0 0.0 1.0 
230000.0 2.0 1.0 1.0 1.0 0.0 0.0 0.0 0.0 0.0 0.0 0.0 0.0 0.0 0.0 0.0 0.0 0.0 0.0 0.0 0.0 142.0 1.0 
20000.0 1.0 1.0 2.0 2.0 2.0 2.0 2.0 2.0 2.0 12762.0 12272.0 14255.0 13729.0 14706.0 14320.0 0.0 2500.0 0.0 1200.0 0.0 1500.0 1.0 
200000.0 2.0 1.0 2.0 1.0 0.0 0.0 0.0 0.0 0.0 0.0 0.0 0.0 1545.0 1156.0 6099.0 0.0 0.0 1545.0 1156.0 5000.0 3000.0 1.0 
110000.0 1.0 1.0 2.0 2.0 0.0 0.0 0.0 2.0 0.0 77831.0 79365.0 81485.0 86309.0 84028.0 86114.0 3430.0 4000.0 7100.0 0.0 3600.0 3142.0 1.0 
240000.0 2.0 1.0 2.0 2.0 0.0 0.0 0.0 0.0 0.0 179483.0 183151.0 185490.0 189351.0 193115.0 197445.0 8151.0 6790.0 6951.0 6915.0 7445.0 7248.0 1.0 
90000.0 2.0 1.0 2.0 2.0 2.0 0.0 0.0 0.0 2.0 65521.0 63869.0 65212.0 66627.0 70652.0 69397.0 0.0 2368.0 2500.0 5140.0 0.0 2600.0 1.0 
30000.0 2.0 0.0 2.0 1.0 2.0 2.0 0.0 0.0 2.0 24457.0 25474.0 26241.0 25388.0 26377.0 27794.0 1716.0 1500.0 911.0 1400.0 2000.0 0.0 1.0 
160000.0 1.0 1.0 2.0 2.0 2.0 0.0 0.0 0.0 0.0 1309.0 0.0 4582.0 0.0 0.0 2191.0 0.0 4582.0 0.0 0.0 2191.0 4825.0 1.0 
150000.0 2.0 1.0 2.0 2.0 0.0 0.0 0.0 0.0 0.0 390.0 390.0 390.0 4825.0 5202.0 780.0 390.0 390.0 4825.0 5202.0 780.0 0.0 1.0 
50000.0 1.0 0.0 2.0 2.0 0.0 0.0 0.0 0.0 0.0 47021.0 48423.0 44450.0 956.0 976.0 1976.0 2543.0 2150.0 956.0 20.0 1000.0 1000.0 1.0 
100000.0 2.0 0.0 1.0 2.0 2.0 0.0 0.0 0.0 0.0 100304.0 97814.0 100337.0 100585.0 52041.0 70731.0 0.0 5000.0 2623.0 2500.0 32000.0 2567.0 1.0 
90000.0 1.0 1.0 1.0 2.0 0.0 0.0 0.0 0.0 0.0 88937.0 87866.0 87343.0 89786.0 67803.0 69324.0 3103.0 3500.0 4200.0 2426.0 2613.0 3000.0 1.0 
200000.0 2.0 1.0 2.0 2.0 2.0 2.0 2.0 2.0 2.0 91140.0 93011.0 90634.0 95464.0 99894.0 98171.0 4200.0 0.0 7260.0 6100.0 0.0 3800.0 1.0 
50000.0 2.0 1.0 2.0 2.0 2.0 2.0 2.0 2.0 2.0 33586.0 34636.0 35683.0 36200.0 36808.0 37671.0 1900.0 1900.0 1400.0 1500.0 1600.0 1500.0 1.0 
50000.0 2.0 1.0 2.0 1.0 2.0 0.0 0.0 0.0 0.0 50638.0 49484.0 45095.0 9299.0 3054.0 0.0 0.0 2155.0 1000.0 1500.0 0.0 3294.0 1.0 
50000.0 2.0 0.0 2.0 1.0 3.0 2.0 0.0 0.0 0.0 52626.0 51537.0 49205.0 30394.0 30249.0 29957.0 0.0 24.0 1500.0 1000.0 1201.0 30592.0 1.0 
100000.0 2.0 1.0 2.0 1.0 2.0 0.0 0.0 2.0 2.0 6056.0 5810.0 6860.0 8337.0 8054.0 8921.0 0.0 1150.0 1600.0 0.0 1000.0 0.0 1.0 
60000.0 2.0 1.0 1.0 1.0 0.0 0.0 0.0 0.0 2.0 0.0 0.0 0.0 0.0 982.0 832.0 0.0 0.0 0.0 982.0 0.0 1500.0 1.0 
190000.0 1.0 1.0 2.0 1.0 2.0 2.0 2.0 2.0 2.0 105418.0 107689.0 109678.0 110887.0 111871.0 114223.0 5500.0 5200.0 4500.0 4300.0 4300.0 4400.0 1.0 
60000.0 2.0 1.0 1.0 2.0 2.0 2.0 2.0 2.0 0.0 40511.0 44019.0 45020.0 45785.0 44750.0 45578.0 4200.0 2000.0 1800.0 0.0 1700.0 3600.0 1.0 
150000.0 1.0 1.0 2.0 3.0 2.0 2.0 0.0 0.0 0.0 125086.0 121521.0 67164.0 54078.0 9778.0 389.0 4967.0 65.0 1346.0 5051.0 8601.0 4435.0 1.0 
140000.0 2.0 1.0 1.0 2.0 0.0 0.0 0.0 0.0 0.0 776.0 752.0 776.0 1580.0 804.0 728.0 752.0 800.0 1580.0 0.0 700.0 700.0 1.0 
120000.0 1.0 1.0 1.0 2.0 2.0 2.0 2.0 3.0 2.0 112593.0 112623.0 115258.0 119620.0 118928.0 121619.0 3300.0 6000.0 7800.0 1500.0 4800.0 0.0 1.0 
100000.0 1.0 1.0 2.0 2.0 2.0 2.0 2.0 2.0 2.0 54126.0 57919.0 57778.0 59227.0 58151.0 61966.0 5300.0 1400.0 3000.0 0.0 4800.0 2500.0 1.0 
30000.0 1.0 1.0 2.0 1.0 3.0 2.0 0.0 0.0 0.0 31986.0 31189.0 29634.0 28174.0 27307.0 24449.0 0.0 4.0 1020.0 1110.0 989.0 982.0 1.0 
30000.0 2.0 1.0 1.0 2.0 2.0 2.0 2.0 2.0 2.0 27896.0 26835.0 28690.0 27633.0 29184.0 28776.0 0.0 2659.0 0.0 2309.0 1087.0 0.0 1.0 
130000.0 1.0 1.0 2.0 1.0 0.0 0.0 0.0 0.0 0.0 0.0 0.0 0.0 8495.0 6480.0 0.0 0.0 0.0 8495.0 0.0 0.0 0.0 1.0 
120000.0 1.0 1.0 1.0 2.0 2.0 2.0 2.0 2.0 2.0 27497.0 27960.0 28996.0 29321.0 29803.0 30511.0 1200.0 1800.0 1100.0 1100.0 1350.0 1500.0 1.0 
20000.0 1.0 1.0 1.0 1.0 4.0 3.0 2.0 3.0 2.0 17453.0 16898.0 16334.0 17270.0 16713.0 16297.0 0.0 0.0 1500.0 0.0 0.0 3000.0 1.0 
60000.0 2.0 1.0 2.0 1.0 2.0 0.0 0.0 0.0 0.0 31634.0 5720.0 18026.0 0.0 279.0 -101.0 0.0 18026.0 0.0 279.0 0.0 56839.0 0.0 
240000.0 2.0 1.0 3.0 1.0 0.0 0.0 0.0 0.0 0.0 0.0 0.0 0.0 0.0 0.0 0.0 0.0 0.0 0.0 0.0 0.0 0.0 0.0 
30000.0 1.0 0.0 2.0 2.0 2.0 2.0 0.0 0.0 0.0 22323.0 25961.0 25141.0 22272.0 22844.0 19436.0 4000.0 9.0 1000.0 1013.0 1300.0 10000.0 1.0 
80000.0 2.0 1.0 1.0 1.0 2.0 2.0 2.0 0.0 0.0 78959.0 76699.0 81477.0 79035.0 28503.0 29711.0 0.0 6800.0 0.0 1000.0 2000.0 1500.0 1.0 
400000.0 2.0 1.0 2.0 1.0 0.0 0.0 0.0 0.0 0.0 0.0 0.0 0.0 0.0 0.0 0.0 0.0 0.0 0.0 0.0 0.0 0.0 1.0 
90000.0 1.0 0.0 1.0 1.0 0.0 0.0 0.0 0.0 0.0 0.0 0.0 0.0 0.0 0.0 0.0 0.0 0.0 0.0 0.0 0.0 0.0 1.0 
10000.0 1.0 1.0 2.0 1.0 2.0 2.0 2.0 2.0 2.0 6496.0 6246.0 8965.0 8672.0 9525.0 9228.0 0.0 3000.0 0.0 1000.0 0.0 800.0 1.0 
280000.0 2.0 0.0 1.0 2.0 2.0 0.0 0.0 0.0 0.0 506515.0 491801.0 62236.0 54813.0 38669.0 18010.0 0.0 1803.0 1475.0 1105.0 534.0 318.0 1.0 
150000.0 1.0 1.0 1.0 2.0 0.0 0.0 0.0 0.0 0.0 86333.0 88931.0 92441.0 102903.0 105240.0 109479.0 4000.0 5000.0 12000.0 4000.0 6000.0 50000.0 1.0 
290000.0 1.0 1.0 2.0 2.0 0.0 0.0 0.0 0.0 0.0 45021.0 44702.0 35181.0 28847.0 28131.0 3016.0 2700.0 1707.0 1800.0 0.0 0.0 2411.0 1.0 
200000.0 2.0 1.0 2.0 1.0 0.0 0.0 0.0 0.0 0.0 2396.0 1823.0 1630.0 2203.0 1443.0 1823.0 1823.0 1630.0 2203.0 1443.0 1823.0 1027.0 1.0 
140000.0 2.0 1.0 1.0 2.0 2.0 0.0 0.0 0.0 0.0 113079.0 109796.0 112144.0 114789.0 115590.0 118221.0 0.0 5600.0 6000.0 4200.0 4500.0 4600.0 1.0 
50000.0 2.0 1.0 2.0 1.0 2.0 2.0 2.0 2.0 2.0 13750.0 15224.0 14687.0 16135.0 15737.0 17316.0 2000.0 0.0 2000.0 0.0 2000.0 0.0 1.0 
60000.0 2.0 1.0 3.0 1.0 0.0 0.0 0.0 0.0 0.0 -1540.0 -1930.0 -2320.0 -1220.0 0.0 0.0 0.0 0.0 2000.0 2000.0 0.0 0.0 0.0 
200000.0 1.0 1.0 1.0 1.0 0.0 0.0 0.0 0.0 0.0 -1.0 -1.0 296.0 299.0 278.0 4575.0 0.0 297.0 303.0 279.0 4597.0 0.0 1.0 
200000.0 2.0 1.0 2.0 1.0 0.0 0.0 0.0 0.0 0.0 -1.0 297.0 -2.0 -2.0 -2.0 -2.0 298.0 0.0 0.0 0.0 0.0 544.0 0.0 
30000.0 1.0 1.0 2.0 2.0 0.0 0.0 4.0 3.0 2.0 18402.0 19785.0 24633.0 23961.0 23289.0 22779.0 2000.0 5500.0 0.0 0.0 0.0 3400.0 1.0 
200000.0 2.0 1.0 1.0 1.0 0.0 2.0 0.0 0.0 0.0 -179.0 505.0 189.0 6773.0 23209.0 16893.0 1000.0 0.0 6900.0 24000.0 17000.0 2500.0 1.0 
150000.0 1.0 1.0 1.0 2.0 2.0 2.0 2.0 2.0 2.0 106628.0 100750.0 86686.0 78497.0 67612.0 55050.0 7400.0 0.0 4800.0 1800.0 0.0 2100.0 1.0 
120000.0 1.0 1.0 2.0 1.0 0.0 0.0 0.0 0.0 0.0 0.0 326.0 326.0 652.0 326.0 326.0 652.0 326.0 652.0 0.0 326.0 326.0 1.0 
20000.0 1.0 1.0 2.0 1.0 4.0 3.0 2.0 0.0 0.0 17456.0 16896.0 16345.0 15785.0 17018.0 18736.0 0.0 0.0 0.0 1500.0 2000.0 2000.0 1.0 
80000.0 1.0 1.0 2.0 2.0 2.0 2.0 2.0 2.0 2.0 62423.0 63827.0 64682.0 65614.0 67007.0 68349.0 3000.0 2500.0 2600.0 2600.0 2600.0 2000.0 1.0 
100000.0 2.0 1.0 2.0 1.0 2.0 2.0 2.0 2.0 2.0 13687.0 14007.0 14236.0 12924.0 12467.0 10950.0 1600.0 1500.0 0.0 700.0 0.0 1150.0 1.0 
60000.0 1.0 0.0 2.0 1.0 2.0 0.0 0.0 0.0 0.0 61966.0 60308.0 47536.0 17079.0 18219.0 19542.0 0.0 5021.0 5000.0 2000.0 2000.0 1720.0 0.0 
10000.0 2.0 0.0 2.0 3.0 2.0 2.0 2.0 2.0 2.0 600.0 600.0 600.0 600.0 600.0 2050.0 0.0 0.0 0.0 0.0 1450.0 0.0 1.0 
200000.0 1.0 0.0 2.0 3.0 2.0 2.0 2.0 2.0 2.0 2500.0 2500.0 2500.0 2500.0 2500.0 2500.0 0.0 0.0 0.0 0.0 0.0 0.0 1.0 
50000.0 2.0 1.0 2.0 2.0 2.0 2.0 2.0 2.0 2.0 45722.0 46694.0 47617.0 48542.0 49630.0 50047.0 2000.0 2000.0 2000.0 2000.0 1700.0 2000.0 1.0 
360000.0 1.0 1.0 1.0 1.0 0.0 0.0 0.0 0.0 0.0 -281.0 2520.0 7508.0 434.0 2139.0 993.0 3011.0 7545.0 502.0 2205.0 5.0 1799.0 1.0 
30000.0 2.0 1.0 1.0 3.0 3.0 3.0 2.0 0.0 0.0 27672.0 28911.0 29163.0 28380.0 28636.0 30290.0 2000.0 1000.0 0.0 1000.0 2100.0 1500.0 1.0 
20000.0 2.0 1.0 1.0 3.0 2.0 0.0 0.0 2.0 3.0 4899.0 4675.0 5685.0 6490.0 6837.0 6435.0 0.0 1095.0 900.0 596.0 0.0 0.0 1.0 
60000.0 2.0 0.0 1.0 1.0 2.0 0.0 0.0 2.0 0.0 31011.0 29565.0 31123.0 34134.0 23552.0 24020.0 0.0 3000.0 3638.0 0.0 1000.0 3000.0 0.0 
250000.0 1.0 1.0 1.0 1.0 1.0 1.0 1.0 2.0 2.0 352016.0 341600.0 321232.0 307354.0 285901.0 272322.0 15210.0 8273.0 8100.0 100.0 8942.0 254000.0 1.0 
140000.0 1.0 0.0 2.0 2.0 2.0 2.0 2.0 2.0 0.0 145627.0 145339.0 136223.0 113942.0 109652.0 109118.0 6005.0 210.0 7903.0 0.0 4183.0 4213.0 1.0 
30000.0 2.0 0.0 1.0 2.0 2.0 2.0 2.0 2.0 2.0 27160.0 26444.0 28694.0 27936.0 29930.0 29302.0 0.0 3000.0 0.0 2600.0 0.0 1600.0 1.0 
40000.0 1.0 1.0 1.0 1.0 0.0 0.0 0.0 0.0 0.0 -150.0 -540.0 -930.0 -1320.0 -1710.0 -2100.0 0.0 0.0 0.0 0.0 0.0 0.0 1.0 
30000.0 1.0 0.0 2.0 1.0 0.0 0.0 0.0 0.0 0.0 0.0 0.0 0.0 0.0 0.0 0.0 0.0 0.0 0.0 0.0 0.0 0.0 1.0 
160000.0 1.0 0.0 2.0 2.0 2.0 2.0 0.0 0.0 0.0 70373.0 80166.0 34775.0 34073.0 15676.0 99436.0 11450.0 0.0 142848.0 1800.0 90000.0 3300.0 1.0 
20000.0 1.0 1.0 1.0 2.0 2.0 2.0 2.0 4.0 3.0 14301.0 17069.0 17818.0 20251.0 19657.0 19072.0 3000.0 1300.0 3000.0 0.0 0.0 0.0 1.0 
200000.0 1.0 1.0 2.0 1.0 0.0 0.0 0.0 0.0 0.0 0.0 0.0 0.0 1517.0 48669.0 49635.0 0.0 0.0 1517.0 48000.0 1775.0 1992.0 1.0 
80000.0 2.0 1.0 2.0 1.0 2.0 2.0 2.0 0.0 0.0 81606.0 154026.0 82385.0 79795.0 48999.0 48161.0 0.0 7600.0 5.0 2000.0 2000.0 2000.0 1.0 
30000.0 2.0 0.0 3.0 1.0 2.0 0.0 0.0 0.0 0.0 30698.0 29034.0 28317.0 27872.0 28456.0 28230.0 0.0 1442.0 986.0 1021.0 1015.0 1143.0 1.0 
240000.0 1.0 1.0 1.0 1.0 0.0 0.0 0.0 0.0 0.0 0.0 0.0 0.0 0.0 0.0 0.0 0.0 0.0 0.0 0.0 0.0 150.0 1.0 
50000.0 2.0 1.0 2.0 2.0 2.0 2.0 2.0 2.0 2.0 43439.0 44769.0 43781.0 45021.0 28660.0 27807.0 2341.0 0.0 2554.0 0.0 1800.0 0.0 1.0 
30000.0 2.0 1.0 2.0 2.0 2.0 2.0 0.0 0.0 0.0 12324.0 15628.0 15069.0 15868.0 16657.0 13998.0 4500.0 0.0 1000.0 1000.0 668.0 203.0 1.0 
110000.0 1.0 0.0 1.0 2.0 0.0 0.0 0.0 2.0 2.0 67591.0 69773.0 71886.0 76767.0 78462.0 79890.0 3200.0 3200.0 6000.0 3000.0 2800.0 3200.0 1.0 
220000.0 2.0 1.0 1.0 2.0 3.0 2.0 2.0 2.0 0.0 184761.0 178939.0 183158.0 183890.0 179764.0 181627.0 0.0 10000.0 6300.0 0.0 6118.0 6097.0 1.0 
370000.0 2.0 1.0 2.0 4.0 3.0 2.0 0.0 0.0 0.0 390509.0 382898.0 365461.0 304436.0 311426.0 275628.0 0.0 0.0 10019.0 11000.0 10000.0 10000.0 1.0 
50000.0 1.0 1.0 1.0 2.0 2.0 2.0 2.0 2.0 2.0 44489.0 45470.0 46424.0 45377.0 48441.0 47511.0 2000.0 2000.0 0.0 3800.0 0.0 1800.0 1.0 
140000.0 1.0 1.0 2.0 1.0 2.0 2.0 2.0 0.0 0.0 31529.0 30844.0 33961.0 33250.0 34524.0 38098.0 0.0 3500.0 0.0 2000.0 4000.0 0.0 1.0 
20000.0 1.0 1.0 2.0 2.0 2.0 0.0 0.0 0.0 0.0 17429.0 16849.0 17187.0 8585.0 8760.0 12000.0 0.0 1202.0 1000.0 175.0 3240.0 0.0 1.0 
230000.0 1.0 1.0 1.0 1.0 2.0 2.0 2.0 2.0 2.0 189724.0 193112.0 197039.0 200300.0 203018.0 199689.0 8000.0 8500.0 8000.0 7500.0 0.0 6622.0 1.0 
120000.0 2.0 1.0 1.0 1.0 0.0 0.0 0.0 0.0 0.0 -200.0 -200.0 -200.0 0.0 700.0 1935.0 0.0 0.0 200.0 700.0 1935.0 0.0 1.0 
110000.0 1.0 1.0 1.0 2.0 2.0 2.0 0.0 0.0 2.0 96898.0 96071.0 93321.0 94034.0 99531.0 96614.0 4826.0 5.0 4000.0 7300.0 0.0 4000.0 1.0 
90000.0 1.0 1.0 2.0 2.0 0.0 0.0 0.0 0.0 0.0 63632.0 131132.0 66940.0 68332.0 70169.0 66709.0 3000.0 2431.0 2506.0 3000.0 2950.0 4000.0 1.0 
290000.0 1.0 1.0 1.0 2.0 0.0 0.0 0.0 0.0 0.0 97531.0 99413.0 96194.0 96089.0 92505.0 74760.0 4429.0 5000.0 2928.0 3097.0 2033.0 1051.0 1.0 
70000.0 1.0 0.0 1.0 2.0 2.0 2.0 2.0 2.0 2.0 41087.0 42109.0 43135.0 43924.0 44700.0 45634.0 2000.0 2000.0 1800.0 1800.0 1800.0 1700.0 1.0 
280000.0 2.0 0.0 1.0 1.0 0.0 0.0 0.0 0.0 0.0 0.0 0.0 0.0 0.0 0.0 0.0 0.0 0.0 0.0 0.0 0.0 0.0 0.0 
200000.0 2.0 1.0 2.0 1.0 0.0 0.0 0.0 0.0 0.0 0.0 2300.0 15093.0 0.0 0.0 0.0 2300.0 15093.0 0.0 0.0 0.0 0.0 0.0 
40000.0 2.0 1.0 2.0 1.0 2.0 0.0 0.0 2.0 2.0 36890.0 36023.0 36993.0 38427.0 39875.0 39272.0 0.0 1989.0 2423.0 2000.0 0.0 1000.0 1.0 
170000.0 1.0 0.0 2.0 2.0 0.0 0.0 0.0 0.0 0.0 74453.0 66087.0 60649.0 61408.0 59390.0 57037.0 5020.0 3003.0 3009.0 2013.0 3041.0 3000.0 1.0 
70000.0 2.0 1.0 2.0 4.0 3.0 2.0 0.0 0.0 0.0 30542.0 29780.0 28968.0 29540.0 29505.0 29428.0 0.0 0.0 2032.0 1069.0 1066.0 1002.0 1.0 
120000.0 1.0 1.0 2.0 3.0 3.0 2.0 2.0 0.0 0.0 113722.0 110525.0 103632.0 -36.0 -18.0 -18.0 0.0 0.0 0.0 0.0 0.0 0.0 0.0 
50000.0 1.0 1.0 1.0 3.0 2.0 2.0 7.0 7.0 7.0 2400.0 2400.0 2400.0 2400.0 2400.0 2400.0 0.0 0.0 0.0 0.0 0.0 0.0 1.0 
30000.0 2.0 1.0 1.0 1.0 2.0 2.0 0.0 0.0 0.0 28933.0 30175.0 29383.0 29823.0 30379.0 29686.0 2000.0 0.0 1200.0 1162.0 1097.0 3846.0 1.0 
10000.0 2.0 1.0 2.0 1.0 2.0 2.0 2.0 2.0 2.0 6220.0 5975.0 8104.0 7807.0 8329.0 6613.0 0.0 2400.0 0.0 615.0 0.0 539.0 1.0 
30000.0 2.0 1.0 1.0 2.0 0.0 0.0 0.0 0.0 0.0 27703.0 28743.0 27048.0 26592.0 23874.0 23293.0 1500.0 1356.0 900.0 1000.0 1100.0 664.0 1.0 
270000.0 2.0 1.0 2.0 2.0 2.0 2.0 0.0 0.0 0.0 9220.0 14050.0 13539.0 15005.0 16438.0 17021.0 5000.0 0.0 2000.0 2000.0 1000.0 1000.0 1.0 
20000.0 2.0 1.0 2.0 2.0 2.0 2.0 2.0 0.0 0.0 6270.0 8284.0 8000.0 0.0 186.0 3314.0 2284.0 0.0 0.0 186.0 3314.0 3515.0 1.0 
150000.0 2.0 1.0 2.0 2.0 2.0 2.0 2.0 2.0 2.0 114074.0 116313.0 118700.0 115328.0 121084.0 123473.0 5600.0 5700.0 0.0 9200.0 4500.0 0.0 1.0 
120000.0 2.0 1.0 3.0 2.0 2.0 2.0 2.0 2.0 2.0 26446.0 27719.0 27570.0 28318.0 29217.0 28598.0 2000.0 600.0 1500.0 1500.0 0.0 1056.0 1.0 
20000.0 1.0 1.0 2.0 2.0 2.0 2.0 2.0 2.0 2.0 1891.0 5680.0 5441.0 6346.0 6099.0 7235.0 4000.0 0.0 1000.0 0.0 1237.0 1000.0 1.0 
20000.0 1.0 1.0 2.0 2.0 2.0 3.0 2.0 2.0 2.0 10512.0 12044.0 11562.0 11080.0 11700.0 12357.0 2000.0 0.0 0.0 800.0 1000.0 500.0 1.0 
230000.0 2.0 1.0 1.0 1.0 0.0 0.0 0.0 0.0 0.0 0.0 0.0 181.0 2680.0 0.0 0.0 0.0 181.0 2680.0 0.0 0.0 0.0 1.0 
20000.0 2.0 1.0 1.0 1.0 2.0 0.0 0.0 0.0 0.0 3098.0 2901.0 3800.0 0.0 0.0 0.0 0.0 1000.0 0.0 0.0 0.0 0.0 1.0 
20000.0 2.0 0.0 1.0 1.0 2.0 0.0 0.0 0.0 0.0 15043.0 14509.0 19092.0 19113.0 19483.0 14523.0 0.0 5166.0 2963.0 833.0 812.0 0.0 1.0 
50000.0 2.0 0.0 1.0 2.0 2.0 0.0 0.0 0.0 0.0 54084.0 51564.0 50733.0 30363.0 30444.0 30482.0 0.0 2504.0 1200.0 1500.0 1100.0 1301.0 1.0 
330000.0 1.0 1.0 1.0 1.0 0.0 0.0 0.0 0.0 0.0 -13.0 2750.0 -27.0 5344.0 16566.0 995.0 2763.0 0.0 5371.0 16648.0 1000.0 997.0 1.0 
230000.0 2.0 1.0 1.0 1.0 2.0 0.0 0.0 0.0 0.0 207128.0 195825.0 199659.0 157434.0 160009.0 155825.0 6300.0 9264.0 6116.0 6128.0 5765.0 5956.0 1.0 
500000.0 2.0 1.0 2.0 4.0 3.0 2.0 0.0 0.0 0.0 507726.0 509229.0 499936.0 505507.0 484612.0 419643.0 10000.0 0.0 14000.0 16500.0 16000.0 19000.0 1.0 
80000.0 1.0 1.0 2.0 1.0 2.0 2.0 2.0 2.0 2.0 21004.0 20384.0 22231.0 21576.0 23229.0 22708.0 0.0 2500.0 0.0 2000.0 0.0 1000.0 1.0 
60000.0 2.0 1.0 2.0 2.0 2.0 2.0 2.0 2.0 2.0 26596.0 29332.0 28577.0 30805.0 31601.0 32349.0 3500.0 0.0 2709.0 1600.0 1400.0 1300.0 1.0 
30000.0 1.0 1.0 2.0 2.0 2.0 2.0 2.0 2.0 0.0 24357.0 27453.0 26718.0 28168.0 27579.0 28321.0 3500.0 0.0 2200.0 0.0 1200.0 1250.0 1.0 
140000.0 2.0 1.0 2.0 1.0 0.0 0.0 0.0 0.0 0.0 0.0 241.0 0.0 0.0 0.0 0.0 241.0 0.0 0.0 0.0 0.0 1419.0 0.0 
50000.0 1.0 0.0 1.0 4.0 3.0 2.0 0.0 0.0 0.0 50419.0 49331.0 48268.0 49075.0 49475.0 48575.0 0.0 0.0 2000.0 1000.0 1000.0 2000.0 1.0 
150000.0 1.0 1.0 2.0 2.0 2.0 0.0 0.0 0.0 2.0 90476.0 0.0 0.0 0.0 138355.0 130666.0 0.0 0.0 0.0 138355.0 0.0 5200.0 1.0 
30000.0 2.0 0.0 1.0 1.0 2.0 0.0 0.0 2.0 0.0 29717.0 28569.0 29168.0 30566.0 29229.0 26260.0 0.0 2000.0 2200.0 0.0 1100.0 1100.0 0.0 
50000.0 2.0 1.0 2.0 2.0 2.0 2.0 2.0 2.0 2.0 5025.0 4805.0 46295.0 46885.0 47535.0 45994.0 0.0 42000.0 1600.0 1500.0 2000.0 2000.0 1.0 
120000.0 2.0 0.0 1.0 2.0 2.0 2.0 2.0 4.0 3.0 49437.0 51505.0 53582.0 58310.0 57150.0 55961.0 3500.0 3500.0 6200.0 358.0 0.0 2100.0 1.0 
220000.0 2.0 1.0 1.0 2.0 2.0 2.0 2.0 2.0 2.0 2500.0 2500.0 2500.0 2500.0 2500.0 2500.0 0.0 0.0 0.0 0.0 0.0 0.0 1.0 
30000.0 1.0 1.0 2.0 1.0 2.0 0.0 0.0 0.0 0.0 21871.0 21222.0 22555.0 23874.0 14500.0 16500.0 0.0 1681.0 2000.0 2000.0 2000.0 2000.0 1.0 
20000.0 2.0 1.0 2.0 3.0 2.0 2.0 2.0 2.0 2.0 322.0 322.0 322.0 322.0 322.0 322.0 0.0 0.0 0.0 0.0 0.0 0.0 1.0 
230000.0 1.0 1.0 2.0 2.0 0.0 0.0 0.0 2.0 2.0 253935.0 237858.0 242378.0 235163.0 234032.0 225822.0 10183.0 10057.0 19000.0 9100.0 0.0 16500.0 1.0 
350000.0 2.0 1.0 1.0 2.0 2.0 7.0 7.0 7.0 7.0 2400.0 2400.0 2400.0 2400.0 2400.0 2400.0 0.0 0.0 0.0 0.0 0.0 0.0 1.0 
90000.0 2.0 1.0 1.0 2.0 2.0 2.0 2.0 2.0 2.0 86643.0 87249.0 86858.0 86373.0 85875.0 82150.0 3881.0 3000.0 2800.0 1500.0 2299.0 2500.0 1.0 
60000.0 2.0 0.0 1.0 2.0 2.0 0.0 0.0 0.0 0.0 4703.0 0.0 0.0 0.0 0.0 992.0 0.0 0.0 0.0 0.0 992.0 14000.0 1.0 
20000.0 1.0 1.0 2.0 1.0 2.0 0.0 0.0 0.0 0.0 8834.0 7499.0 8147.0 7247.0 4617.0 0.0 1000.0 1000.0 1300.0 1500.0 1680.0 0.0 1.0 
120000.0 1.0 1.0 1.0 2.0 3.0 2.0 0.0 0.0 3.0 110162.0 107008.0 103800.0 106075.0 115747.0 113999.0 0.0 0.0 4000.0 11000.0 0.0 0.0 1.0 
110000.0 1.0 1.0 1.0 2.0 2.0 2.0 0.0 0.0 2.0 65070.0 69480.0 67800.0 69182.0 73431.0 72132.0 5500.0 0.0 2512.0 5400.0 0.0 3000.0 1.0 
80000.0 2.0 1.0 1.0 3.0 2.0 2.0 2.0 0.0 0.0 72385.0 72643.0 73462.0 71681.0 73375.0 74794.0 2000.0 2600.0 0.0 2850.0 2800.0 3000.0 1.0 
20000.0 2.0 1.0 2.0 1.0 2.0 0.0 0.0 0.0 0.0 20128.0 17842.0 18979.0 7886.0 19786.0 20025.0 0.0 7027.0 1000.0 19000.0 6000.0 1000.0 1.0 
30000.0 1.0 1.0 2.0 1.0 2.0 2.0 2.0 0.0 0.0 13208.0 13692.0 14176.0 14642.0 15397.0 16147.0 1000.0 1000.0 1000.0 1000.0 1000.0 1000.0 1.0 
20000.0 1.0 0.0 1.0 8.0 7.0 6.0 5.0 4.0 3.0 24166.0 23845.0 23214.0 22583.0 21662.0 21031.0 0.0 0.0 0.0 0.0 0.0 0.0 1.0 
160000.0 1.0 1.0 1.0 1.0 2.0 2.0 2.0 2.0 3.0 58706.0 57384.0 59875.0 61518.0 65152.0 64074.0 0.0 3200.0 3000.0 5000.0 0.0 3000.0 1.0 
30000.0 2.0 1.0 2.0 2.0 2.0 2.0 0.0 0.0 0.0 13519.0 16493.0 15545.0 16557.0 16857.0 18121.0 3211.0 0.0 1275.0 575.0 1539.0 700.0 1.0 
160000.0 2.0 1.0 2.0 2.0 2.0 0.0 0.0 0.0 0.0 1989.0 -8.0 866.0 0.0 892.0 0.0 0.0 874.0 0.0 892.0 0.0 594.0 1.0 
30000.0 2.0 1.0 1.0 2.0 0.0 0.0 2.0 0.0 0.0 25243.0 26261.0 29038.0 28289.0 28543.0 30544.0 1730.0 3500.0 0.0 1011.0 2450.0 0.0 1.0 
70000.0 1.0 1.0 2.0 1.0 0.0 0.0 0.0 0.0 0.0 0.0 11609.0 13411.0 14470.0 18070.0 15000.0 11609.0 2000.0 1400.0 5000.0 300.0 4220.0 1.0 
200000.0 1.0 1.0 2.0 2.0 0.0 3.0 2.0 0.0 0.0 833.0 932.0 662.0 311.0 355.0 1266.0 932.0 0.0 0.0 355.0 1200.0 0.0 0.0 
30000.0 1.0 1.0 2.0 1.0 2.0 2.0 2.0 2.0 2.0 17989.0 17417.0 19807.0 20186.0 19725.0 22225.0 0.0 3000.0 1000.0 0.0 3000.0 0.0 1.0 
500000.0 2.0 1.0 1.0 1.0 0.0 0.0 0.0 0.0 0.0 0.0 0.0 0.0 0.0 0.0 0.0 0.0 0.0 0.0 0.0 0.0 0.0 1.0 
290000.0 2.0 1.0 1.0 2.0 2.0 0.0 0.0 0.0 0.0 63872.0 62290.0 63624.0 64427.0 62853.0 63923.0 0.0 3000.0 2406.0 2431.0 2433.0 2434.0 1.0 
120000.0 1.0 0.0 2.0 2.0 2.0 2.0 2.0 2.0 2.0 117681.0 119513.0 120990.0 121795.0 113328.0 120615.0 5200.0 5000.0 4200.0 0.0 9200.0 0.0 1.0 
100000.0 2.0 1.0 1.0 2.0 2.0 0.0 0.0 0.0 0.0 99184.0 99340.0 64054.0 59014.0 55249.0 47645.0 3000.0 3039.0 3315.0 3000.0 3000.0 3000.0 1.0 
300000.0 2.0 1.0 2.0 1.0 5.0 4.0 3.0 2.0 3.0 315632.0 309330.0 302869.0 306395.0 311256.0 305413.0 0.0 0.0 10000.0 10000.0 0.0 0.0 1.0 
20000.0 1.0 1.0 1.0 3.0 2.0 2.0 2.0 2.0 2.0 17500.0 16926.0 19260.0 18653.0 20041.0 19582.0 0.0 2921.0 0.0 1702.0 0.0 1594.0 1.0 
120000.0 2.0 1.0 2.0 2.0 2.0 2.0 2.0 0.0 0.0 110581.0 104687.0 112279.0 108089.0 88594.0 87630.0 0.0 10800.0 0.0 3500.0 3400.0 3500.0 1.0 
30000.0 2.0 0.0 1.0 1.0 2.0 0.0 0.0 0.0 2.0 30380.0 25839.0 25963.0 27030.0 29079.0 29865.0 1.0 1433.0 1500.0 2500.0 1400.0 1400.0 1.0 
200000.0 2.0 0.0 1.0 1.0 0.0 0.0 0.0 0.0 0.0 -186.0 846.0 1350.0 13524.0 570.0 2622.0 1032.0 1350.0 13534.0 570.0 2622.0 1050.0 0.0 
50000.0 2.0 1.0 2.0 2.0 0.0 0.0 0.0 0.0 0.0 8730.0 4388.0 0.0 0.0 5412.0 6414.0 1000.0 0.0 0.0 5412.0 2000.0 0.0 1.0 
100000.0 1.0 1.0 1.0 2.0 2.0 2.0 2.0 2.0 2.0 10618.0 13233.0 13427.0 13609.0 14683.0 15001.0 2800.0 700.0 700.0 1300.0 700.0 700.0 1.0 
150000.0 1.0 0.0 1.0 2.0 2.0 2.0 0.0 0.0 0.0 135215.0 137863.0 130622.0 126063.0 118836.0 116865.0 6000.0 30.0 5050.0 5025.0 5000.0 3000.0 1.0 
80000.0 2.0 1.0 2.0 2.0 0.0 0.0 0.0 0.0 0.0 52052.0 51407.0 0.0 0.0 0.0 0.0 2000.0 0.0 0.0 0.0 0.0 0.0 1.0 
140000.0 2.0 1.0 2.0 1.0 3.0 2.0 2.0 2.0 2.0 17962.0 17381.0 18104.0 17516.0 18721.0 18280.0 0.0 1300.0 0.0 1500.0 0.0 1900.0 1.0 
180000.0 2.0 1.0 2.0 1.0 0.0 0.0 0.0 0.0 0.0 0.0 0.0 0.0 4279.0 488.0 659.0 0.0 0.0 4279.0 488.0 659.0 5067.0 1.0 
60000.0 2.0 1.0 2.0 3.0 2.0 2.0 2.0 2.0 0.0 150.0 150.0 150.0 150.0 150.0 150.0 0.0 0.0 0.0 0.0 150.0 44399.0 1.0 
70000.0 2.0 1.0 2.0 2.0 2.0 0.0 0.0 2.0 2.0 42053.0 41087.0 42445.0 45020.0 44006.0 46905.0 0.0 2007.0 3582.0 0.0 3601.0 0.0 1.0 
50000.0 2.0 1.0 1.0 1.0 3.0 2.0 0.0 0.0 0.0 36291.0 35385.0 31558.0 31664.0 15700.0 0.0 0.0 0.0 1000.0 314.0 0.0 0.0 1.0 
240000.0 2.0 1.0 2.0 1.0 2.0 2.0 2.0 0.0 0.0 17868.0 188.0 2288.0 2100.0 405.0 1665.0 0.0 2100.0 405.0 0.0 1665.0 0.0 1.0 
70000.0 1.0 1.0 2.0 1.0 2.0 0.0 0.0 2.0 2.0 38228.0 37318.0 38061.0 42545.0 43346.0 44105.0 0.0 1649.0 5133.0 1800.0 1600.0 1900.0 1.0 
500000.0 1.0 1.0 1.0 2.0 2.0 2.0 2.0 2.0 2.0 70144.0 74850.0 76463.0 77611.0 78735.0 80430.0 6500.0 3400.0 3000.0 3000.0 3100.0 3110.0 1.0 
30000.0 2.0 1.0 1.0 1.0 5.0 4.0 3.0 2.0 2.0 28534.0 27805.0 27090.0 26361.0 26831.0 27552.0 0.0 0.0 0.0 1200.0 1300.0 985.0 1.0 
70000.0 2.0 1.0 1.0 2.0 2.0 2.0 0.0 0.0 0.0 70457.0 73562.0 71818.0 70579.0 33946.0 34701.0 6454.0 0.0 3075.0 1214.0 1301.0 1626.0 1.0 
100000.0 1.0 1.0 2.0 2.0 2.0 2.0 2.0 2.0 0.0 48186.0 48924.0 47837.0 51361.0 50417.0 51400.0 1800.0 0.0 4321.0 0.0 2400.0 0.0 1.0 
100000.0 2.0 1.0 1.0 1.0 0.0 0.0 0.0 0.0 0.0 0.0 5220.0 0.0 0.0 0.0 0.0 5220.0 0.0 0.0 0.0 0.0 0.0 1.0 
160000.0 2.0 0.0 2.0 1.0 0.0 0.0 0.0 0.0 0.0 0.0 0.0 4150.0 2065.0 0.0 500.0 0.0 4150.0 2065.0 0.0 500.0 0.0 1.0 
220000.0 2.0 1.0 1.0 2.0 2.0 0.0 0.0 0.0 2.0 34510.0 33661.0 34913.0 36334.0 38729.0 39062.0 0.0 2100.0 2000.0 3000.0 1100.0 1700.0 1.0 
190000.0 2.0 1.0 1.0 2.0 2.0 2.0 2.0 0.0 0.0 90128.0 92367.0 94227.0 91943.0 93546.0 95759.0 4500.0 4100.0 0.0 3500.0 3600.0 3500.0 1.0 
30000.0 1.0 1.0 2.0 2.0 0.0 0.0 0.0 0.0 0.0 28603.0 28785.0 0.0 0.0 0.0 0.0 1000.0 0.0 0.0 0.0 0.0 0.0 1.0 
50000.0 2.0 1.0 2.0 2.0 2.0 2.0 0.0 0.0 2.0 5804.0 6855.0 6599.0 6577.0 7120.0 6857.0 1300.0 0.0 236.0 650.0 0.0 810.0 1.0 
160000.0 1.0 1.0 2.0 2.0 2.0 2.0 2.0 2.0 2.0 73820.0 72341.0 76917.0 75370.0 81943.0 80203.0 0.0 5500.0 0.0 7500.0 0.0 2000.0 1.0 
80000.0 1.0 1.0 2.0 2.0 2.0 2.0 2.0 2.0 2.0 66995.0 67794.0 69607.0 70864.0 71902.0 73407.0 2500.0 3500.0 3000.0 2800.0 2800.0 0.0 1.0 
10000.0 1.0 1.0 1.0 1.0 0.0 0.0 3.0 2.0 0.0 -265.0 -265.0 5235.0 5007.0 4779.0 7680.0 0.0 5500.0 0.0 0.0 3000.0 2000.0 1.0 
20000.0 1.0 1.0 2.0 1.0 4.0 3.0 3.0 2.0 3.0 15557.0 15015.0 16079.0 15528.0 16477.0 15930.0 0.0 1600.0 0.0 1500.0 0.0 0.0 1.0 
10000.0 2.0 0.0 2.0 2.0 0.0 0.0 0.0 0.0 0.0 7720.0 10063.0 9272.0 -8758.0 8989.0 9202.0 2500.0 1000.0 0.0 30000.0 500.0 953.0 1.0 
190000.0 2.0 1.0 2.0 2.0 2.0 2.0 2.0 0.0 0.0 3902.0 4686.0 5459.0 6214.0 7104.0 8973.0 1000.0 1000.0 1000.0 1000.0 2000.0 2000.0 1.0 
50000.0 2.0 0.0 1.0 1.0 2.0 2.0 0.0 0.0 0.0 4446.0 4166.0 0.0 0.0 0.0 0.0 0.0 0.0 0.0 0.0 0.0 0.0 0.0 
10000.0 1.0 0.0 1.0 1.0 2.0 0.0 0.0 0.0 0.0 6969.0 6712.0 7722.0 7875.0 8041.0 8357.0 0.0 1128.0 281.0 292.0 450.0 1415.0 1.0 
90000.0 2.0 1.0 1.0 2.0 0.0 2.0 0.0 0.0 0.0 390.0 780.0 390.0 780.0 390.0 780.0 780.0 0.0 780.0 0.0 780.0 0.0 1.0 
60000.0 2.0 1.0 3.0 1.0 0.0 0.0 0.0 0.0 0.0 0.0 60559.0 56317.0 0.0 0.0 567.0 60559.0 1126.0 0.0 0.0 567.0 1222.0 1.0 
80000.0 2.0 1.0 1.0 1.0 2.0 2.0 2.0 2.0 0.0 3970.0 1603.0 3740.0 2000.0 0.0 2096.0 0.0 2191.0 0.0 0.0 2096.0 0.0 1.0 
70000.0 1.0 1.0 2.0 2.0 2.0 2.0 0.0 0.0 0.0 69164.0 70938.0 69248.0 69366.0 48998.0 27863.0 3500.0 0.0 2109.0 1500.0 3769.0 0.0 1.0 
130000.0 1.0 1.0 2.0 2.0 2.0 3.0 2.0 0.0 0.0 20091.0 21459.0 20832.0 21386.0 22227.0 23466.0 2000.0 0.0 1200.0 1200.0 1600.0 1500.0 1.0 
50000.0 2.0 1.0 2.0 2.0 0.0 0.0 0.0 0.0 0.0 49316.0 49061.0 47209.0 47471.0 21571.0 19005.0 4044.0 2138.0 1400.0 431.0 380.0 772.0 1.0 
100000.0 2.0 1.0 1.0 2.0 2.0 2.0 2.0 2.0 2.0 29778.0 30678.0 31154.0 31625.0 31059.0 33123.0 1600.0 1200.0 1200.0 0.0 2500.0 1300.0 1.0 
200000.0 2.0 1.0 2.0 1.0 0.0 0.0 0.0 0.0 0.0 0.0 928.0 1280.0 1675.0 97.0 138.0 928.0 1000.0 1000.0 97.0 138.0 0.0 1.0 
20000.0 1.0 1.0 2.0 1.0 2.0 2.0 2.0 0.0 0.0 8557.0 8271.0 11127.0 10657.0 11178.0 11840.0 0.0 3000.0 0.0 1000.0 1000.0 1900.0 1.0 
30000.0 1.0 0.0 1.0 1.0 2.0 0.0 0.0 0.0 0.0 14655.0 12731.0 13225.0 16952.0 11920.0 0.0 14.0 3000.0 5000.0 1000.0 0.0 0.0 1.0 
240000.0 2.0 1.0 1.0 1.0 2.0 0.0 0.0 2.0 2.0 47320.0 46392.0 51652.0 54969.0 42373.0 48952.0 0.0 6000.0 4059.0 14.0 10022.0 0.0 1.0 
50000.0 2.0 0.0 1.0 2.0 2.0 2.0 2.0 2.0 2.0 44865.0 46760.0 47390.0 44520.0 45310.0 44430.0 2923.0 1700.0 0.0 3500.0 0.0 2000.0 1.0 
120000.0 1.0 1.0 2.0 1.0 2.0 2.0 0.0 0.0 0.0 650.0 625.0 300.0 475.0 300.0 325.0 300.0 0.0 500.0 300.0 500.0 300.0 1.0 
110000.0 1.0 1.0 2.0 2.0 2.0 2.0 2.0 2.0 0.0 109241.0 111541.0 113676.0 114223.0 110876.0 107710.0 5600.0 5400.0 4000.0 0.0 4000.0 3700.0 1.0 
120000.0 1.0 1.0 2.0 2.0 2.0 2.0 2.0 2.0 2.0 87310.0 89273.0 91057.0 91981.0 89605.0 95245.0 4300.0 4100.0 3300.0 0.0 7100.0 0.0 1.0 
30000.0 2.0 1.0 2.0 2.0 2.0 2.0 2.0 2.0 0.0 26243.0 25523.0 28609.0 28945.0 28181.0 29329.0 0.0 3500.0 1100.0 0.0 1600.0 2500.0 1.0 
30000.0 2.0 1.0 2.0 2.0 0.0 0.0 2.0 0.0 0.0 22364.0 23732.0 30699.0 29727.0 28834.0 16361.0 1753.0 8500.0 9.0 700.0 1179.0 138.0 1.0 
210000.0 2.0 1.0 2.0 1.0 0.0 0.0 0.0 0.0 0.0 0.0 1075.0 229.0 799.0 0.0 0.0 1075.0 229.0 799.0 0.0 0.0 2247.0 1.0 
100000.0 1.0 1.0 1.0 1.0 0.0 0.0 0.0 0.0 0.0 0.0 0.0 0.0 0.0 0.0 970.0 0.0 0.0 0.0 0.0 970.0 830.0 1.0 
80000.0 1.0 1.0 1.0 1.0 2.0 3.0 2.0 0.0 0.0 8415.0 10305.0 9979.0 1261.0 1261.0 1261.0 2181.0 0.0 0.0 1261.0 1261.0 1261.0 1.0 
90000.0 2.0 1.0 2.0 2.0 0.0 0.0 0.0 0.0 0.0 88346.0 85975.0 86302.0 67592.0 69518.0 68228.0 3500.0 3500.0 3000.0 3000.0 3000.0 2800.0 1.0 
30000.0 2.0 0.0 1.0 2.0 2.0 0.0 0.0 2.0 0.0 25280.0 24589.0 26160.0 29927.0 29336.0 29820.0 0.0 2000.0 4200.0 0.0 1100.0 1100.0 1.0 
30000.0 1.0 1.0 2.0 2.0 2.0 2.0 2.0 2.0 2.0 14697.0 17332.0 16770.0 18483.0 17888.0 19097.0 3200.0 0.0 2300.0 0.0 1500.0 0.0 1.0 
50000.0 1.0 1.0 2.0 2.0 2.0 0.0 0.0 0.0 0.0 43063.0 41932.0 38411.0 30659.0 30963.0 30505.0 0.0 1600.0 1712.0 1016.0 2500.0 0.0 1.0 
20000.0 2.0 1.0 1.0 1.0 2.0 2.0 3.0 2.0 0.0 18648.0 18061.0 21034.0 20419.0 19289.0 19600.0 0.0 3292.0 0.0 0.0 781.0 701.0 1.0 
480000.0 1.0 1.0 2.0 1.0 0.0 0.0 0.0 0.0 0.0 -897.0 -897.0 -897.0 -897.0 -897.0 -897.0 0.0 0.0 0.0 0.0 0.0 0.0 1.0 
30000.0 2.0 1.0 2.0 2.0 2.0 5.0 5.0 4.0 3.0 1200.0 1200.0 1200.0 1200.0 600.0 300.0 0.0 0.0 0.0 0.0 0.0 0.0 1.0 
230000.0 1.0 0.0 1.0 1.0 0.0 0.0 0.0 0.0 0.0 0.0 0.0 0.0 0.0 0.0 0.0 0.0 0.0 0.0 0.0 0.0 0.0 1.0 
20000.0 2.0 1.0 1.0 3.0 2.0 2.0 2.0 2.0 2.0 18464.0 19465.0 19649.0 19978.0 20512.0 20831.0 1600.0 800.0 950.0 1000.0 800.0 0.0 1.0 
30000.0 2.0 1.0 2.0 2.0 2.0 2.0 2.0 2.0 2.0 34048.0 33053.0 33506.0 41931.0 38638.0 35343.0 0.0 1800.0 9851.0 0.0 1183.0 5132.0 1.0 
200000.0 2.0 1.0 1.0 1.0 0.0 0.0 0.0 0.0 0.0 0.0 0.0 0.0 0.0 0.0 5659.0 0.0 0.0 0.0 0.0 5659.0 0.0 1.0 
